113 26
71 29
90 42
35 106
48 45
9 90
83 39
124 40
41 42
44 47
85 48
30 112
104 98
39 117
59 32
78 45
23 109
113 39
71 42
30 4
57 107
16 106
112 43
29 45
115 48
48 58
18 115
124 53
108 45
43 64
103 115
1 67
18 7
59 45
45 110
17 48
94 2
52 5
38 107
115 61
45 2
105 53
64 15
31 67
94 123
84 115
101 18
1 80
40 8
45 123
75 2
33 5
93 19
38 120
10 21
67 3
31 80
3 18
89 21
47 24
5 27
82 18
26 86
42 67
32 22
51 35
35 27
53 81
70 21
56 86
47 37
88 75
151 94
63 18
62 22
81 35
42 80
32 35
35 40
53 94
37 86
28 37
69 38
113 81
104 32
30 46
62 35
81 48
20 38
39 51
4 30
23 43
83 94
96 33
13 35
16 40
76 54
37 99
50 38
14 115
8 41
27 54
113 94
29 100
20 51
23 56
96 46
44 115
38 41
2 118
18 62
31 1
50 51
94 57
167 47
84 49
1 14
45 57
64 70
3 60
77 9
61 1
80 14
38 54
112 3
115 8
59 113
18 75
12 1
31 14
94 70
65 12
115 129
68 17
54 119
45 70
58 9
77 22
89 76
42 1
61 14
80 27
47 79
19 17
101 86
54 11
40 76
12 14
75 70
88 9
10 89
49 17
7 20
86 84
70 76
42 14
83 15
88 130
60 31
104 74
21 76
81 90
37 20
56 33
14 36
113 15
13 77
46 25
35 95
7 33
70 89
83 28
69 93
44 36
104 87
117 26
62 90
37 33
23 98
83 149
55 50
96 88
113 28
99 93
32 103
71 31
35 108
29 34
48 47
6 50
9 92
50 93
113 149
85 50
76 1
27 1
38 96
112 45
57 109
115 50
15 112
106 1
22 7
94 112
66 50
57 1
98 2
15 4
1 69
59 47
18 9
45 112
17 50
3 115
80 69
38 109
112 58
98 123
115 63
54 53
87 1
45 4
86 5
3 7
89 10
22 20
33 115
24 66
43 79
1 82
45 125
3 128
75 4
33 7
52 20
79 123
10 23
51 24
63 115
54 66
67 5
86 18
72 83
47 26
5 29
65 80
63 7
68 85
21 10
81 24
42 69
19 85
32 24
51 37
35 29
95 80
67 18
70 23
56 88
9 13
47 39
5 42
21 23
23 32
32 37
44 91
35 42
117 81
34 83
37 88
111 37
9 26
50 27
69 40
14 104
113 83
27 43
104 34
20 40
39 53
23 45
138 32
96 35
13 37
44 104
57 43
76 56
18 51
37 101
92 37
50 40
69 53
27 56
113 96
90 112
84 38
29 102
48 115
1 3
87 43
4 45
45 46
38 43
57 56
98 57
1 124
18 64
31 3
75 46
94 59
10 65
43 13
29 115
115 118
1 16
87 56
73 121
45 59
64 72
3 62
22 75
38 56
79 57
98 70
101 75
73 13
59 115
40 65
94 72
33 62
93 76
46 1
65 14
49 6
68 19
109 57
58 11
42 3
47 81
63 62
82 75
123 76
95 14
40 78
53 17
56 22
93 89
46 14
35 84
109 70
7 22
26 35
9 68
47 94
60 33
63 75
62 79
37 22
56 35
14 38
113 17
151 43
90 33
7 35
83 30
69 95
44 38
20 95
37 35
113 30
57 98
29 36
48 49
105 31
110 109
113 151
25 38
84 93
76 3
87 98
59 36
23 113
110 1
99 108
38 98
112 47
57 111
76 124
29 49
115 52
66 52
1 71
106 124
45 114
91 1
3 117
77 66
94 6
140 122
38 111
79 112
101 130
45 6
12 58
31 71
3 9
121 1
33 117
47 15
65 69
10 133
68 74
1 84
40 12
100 63
45 127
42 58
80 84
93 23
82 130
67 7
12 71
72 85
47 28
33 130
46 69
5 31
104 10
7 77
81 26
26 90
39 29
42 71
47 149
32 26
51 39
35 31
21 133
37 77
56 90
9 15
151 98
104 23
90 88
62 26
7 90
81 39
26 103
20 29
39 42
23 34
32 39
35 44
76 45
117 83
2 96
37 90
50 29
69 42
55 107
8 32
27 45
113 85
11 37
30 50
62 39
48 104
122 53
20 42
106 45
6 107
4 34
23 47
96 37
85 107
38 32
57 45
15 48
18 53
8 45
94 48
84 40
43 2
29 104
1 5
87 45
106 58
4 47
45 48
3 51
22 64
38 45
15 61
1 126
59 104
18 66
31 5
75 48
112 115
84 53
1 18
45 61
3 64
77 13
22 77
61 5
80 18
79 59
63 51
12 5
31 18
58 121
33 64
68 21
26 24
86 75
58 13
89 80
42 5
47 83
19 21
46 124
63 64
49 21
68 34
35 86
7 24
26 37
67 75
70 80
28 83
47 96
60 35
44 27
21 80
62 81
37 24
56 37
113 19
13 81
32 94
90 35
35 99
7 37
6 41
9 83
50 84
83 32
41 35
25 27
2 43
4 89
113 32
71 35
57 100
117 151
124 46
27 113
2 56
43 57
84 95
1 60
59 38
4 102
38 100
10 1
105 46
8 113
66 54
85 67
98 6
84 108
1 73
40 1
45 116
17 54
77 68
80 73
38 113
10 14
115 67
128 6
73 70
86 9
70 1
88 55
47 17
65 71
68 76
21 1
67 117
77 81
42 60
121 124
80 86
33 11
74 12
19 76
32 15
35 20
109 6
67 9
12 73
53 74
70 14
9 4
47 30
88 68
5 33
46 71
63 11
49 76
62 15
7 79
42 73
47 151
19 89
13 15
35 33
72 100
37 79
9 17
14 95
113 74
46 84
32 149
30 39
49 89
81 41
48 93
4 23
23 36
83 87
44 95
2 98
76 47
37 92
69 44
110 45
27 47
113 87
29 93
87 34
6 109
105 88
124 101
55 1
38 34
43 112
15 50
6 1
18 55
50 44
91 45
8 47
85 1
52 53
112 104
84 42
115 109
1 7
45 50
64 63
3 53
121 45
80 7
38 47
79 48
24 112
115 1
1 128
18 68
31 7
75 50
52 66
65 5
68 10
1 20
45 63
58 2
3 66
77 15
89 69
121 58
19 10
98 74
82 66
21 56
54 4
40 69
72 21
75 63
42 115
88 2
74 67
151 21
68 23
7 13
67 64
86 77
70 69
89 82
42 7
47 85
19 23
60 24
5 88
46 126
21 69
95 18
40 82
37 13
113 8
13 70
46 18
32 83
90 24
35 88
26 39
70 82
37 134
9 72
60 37
104 80
2 32
34 21
37 26
56 39
14 42
113 21
90 37
35 101
48 40
6 43
9 85
50 86
124 35
41 37
27 102
44 42
2 45
117 32
120 37
39 112
23 104
55 56
71 37
38 89
112 38
57 102
76 115
115 43
48 53
18 110
105 35
124 48
27 115
85 56
24 46
43 59
1 62
18 2
59 40
45 105
119 54
80 62
38 102
57 115
115 56
31 62
75 105
94 118
66 56
107 57
1 75
87 115
40 3
45 118
17 56
73 72
40 124
31 75
88 57
47 19
65 73
82 13
49 65
40 16
26 81
100 67
42 62
74 14
93 27
35 22
95 73
53 76
56 81
14 84
88 70
47 32
148 84
46 73
5 35
65 86
104 14
7 81
74 27
13 17
32 30
118 33
44 84
37 81
56 94
9 19
50 20
14 97
113 76
7 94
48 95
103 31
20 33
6 98
39 46
13 30
118 46
16 35
57 36
2 100
76 49
37 94
69 46
113 89
30 54
90 105
29 95
87 36
45 39
105 90
55 3
38 36
98 50
101 55
1 117
18 57
59 95
11 54
43 6
84 44
1 9
45 52
119 1
105 103
64 65
3 55
22 68
80 9
38 49
98 63
1 130
58 112
149 1
94 65
61 117
112 119
65 7
115 124
109 50
26 15
100 1
86 66
12 117
58 4
3 68
77 17
61 9
47 74
123 69
95 7
56 15
42 117
88 4
93 82
151 23
10 84
7 15
67 66
86 79
89 84
42 9
47 87
60 26
46 128
5 90
62 72
95 20
81 85
26 149
139 26
72 36
37 15
157 80
14 31
113 10
13 72
90 26
35 90
48 29
37 136
9 74
83 23
69 88
41 26
2 34
34 23
37 28
23 93
14 44
55 45
96 83
113 23
13 85
71 26
90 39
35 103
6 45
37 149
105 24
124 37
69 101
25 31
85 45
2 47
84 86
120 39
4 93
36 45
99 101
38 91
57 104
29 42
115 45
18 112
105 37
50 101
124 50
22 2
8 104
94 107
27 117
66 45
84 99
1 64
87 104
106 117
18 4
4 106
45 107
100 43
59 42
17 45
80 64
38 104
10 5
115 58
47 8
98 10
68 67
1 77
100 56
45 120
58 59
77 72
42 51
33 2
19 67
10 18
54 61
86 13
89 18
28 8
47 21
88 59
5 24
63 2
68 80
7 70
26 83
42 64
93 29
13 6
51 32
35 24
67 13
37 70
56 83
9 8
5 37
46 75
90 81
7 83
20 22
39 35
41 81
44 86
118 35
2 89
35 37
37 83
56 96
50 22
69 35
8 25
27 38
113 78
90 94
20 35
4 27
99 35
38 25
59 84
18 46
50 35
8 38
113 91
71 94
112 95
115 100
103 46
4 40
45 41
66 100
24 103
15 54
101 57
1 119
84 46
115 113
1 11
45 54
22 70
19 1
98 65
63 44
82 57
31 11
72 12
107 6
65 9
10 73
49 1
68 14
86 68
47 76
79 65
63 57
82 70
95 9
40 73
12 11
56 17
74 71
93 84
46 9
65 22
68 27
35 79
26 30
67 68
70 73
47 89
60 28
46 130
95 22
39 90
37 17
113 12
13 74
32 87
71 15
7 30
92 74
9 76
69 90
27 93
113 133
60 41
25 20
62 87
122 101
37 30
4 82
55 47
113 25
57 93
29 31
48 44
105 26
50 90
85 47
84 88
43 50
1 53
4 95
119 45
36 47
38 93
112 42
115 47
94 109
84 101
43 63
101 4
1 66
59 44
100 45
45 109
17 47
58 48
3 112
94 1
80 66
38 106
10 7
54 50
86 2
31 66
3 4
47 10
165 2
65 64
82 4
68 69
45 122
86 123
42 53
80 79
33 4
74 5
19 69
93 18
98 133
32 8
21 115
67 2
86 15
72 80
70 7
56 72
88 61
47 23
46 64
151 80
21 7
62 8
7 72
39 24
42 66
83 67
74 18
19 82
60 83
13 8
63 125
51 34
16 13
35 26
37 72
111 21
56 85
28 23
14 88
113 67
46 77
5 39
151 93
104 18
49 82
90 83
7 85
48 86
122 35
39 37
23 29
44 88
118 37
76 40
37 85
8 27
27 40
113 80
11 32
30 45
29 86
103 35
48 99
87 27
20 37
106 40
4 29
23 42
64 43
99 37
38 27
2 104
76 53
15 43
59 86
18 48
55 115
8 40
94 43
27 53
11 45
84 35
45 43
108 99
85 115
38 40
24 105
15 56
1 121
94 56
33 46
68 3
1 13
45 56
86 57
77 8
22 72
66 115
31 13
72 14
75 56
61 121
107 8
65 11
10 75
7 6
86 70
70 62
89 75
61 13
47 78
46 119
5 81
104 60
40 75
81 76
34 1
53 14
72 27
37 6
14 22
74 73
93 86
35 81
7 19
26 32
70 75
37 127
9 65
47 91
44 22
104 73
123 86
2 25
21 75
117 12
53 27
37 19
14 35
113 14
13 76
32 89
35 94
29 20
48 33
6 36
83 27
44 35
30 100
90 151
4 84
113 27
112 31
29 33
115 36
6 49
25 35
71 151
24 39
84 90
87 95
1 55
45 98
77 50
38 95
112 44
57 108
98 109
115 49
54 39
22 6
108 46
75 98
107 50
98 1
101 6
1 68
100 47
45 111
58 50
80 68
121 106
19 58
38 108
93 7
128 1
73 65
40 117
86 4
72 69
47 12
5 15
46 53
79 1
82 6
123 7
100 60
89 130
42 55
47 133
74 7
32 10
51 23
35 15
109 1
53 69
47 25
5 28
65 79
151 82
104 7
68 84
35 136
7 74
81 23
26 87
39 26
42 68
32 23
35 28
95 79
37 74
111 23
56 87
50 13
69 26
14 90
113 69
71 72
90 85
35 149
103 24
122 37
4 18
23 31
13 23
44 90
57 29
2 93
117 80
37 87
50 26
8 29
27 42
113 82
30 47
90 98
29 88
103 37
48 101
122 50
64 45
25 90
66 91
38 29
2 106
76 55
15 45
59 88
18 50
8 42
94 45
115 104
1 2
87 42
3 48
121 40
80 2
66 104
38 42
79 43
82 48
1 123
119 115
17 104
75 45
94 58
33 48
115 117
45 58
86 59
80 15
88 105
47 67
63 48
1 136
100 115
53 3
58 118
33 61
107 10
93 75
65 13
68 18
54 120
7 8
26 21
67 59
86 72
42 2
83 3
47 80
19 18
146 59
5 83
39 81
37 8
56 21
93 88
113 3
13 65
90 19
35 83
7 21
37 129
9 67
69 81
113 124
25 11
44 24
117 14
20 81
37 21
23 86
14 37
113 16
118 94
35 96
29 22
9 80
50 81
69 94
8 84
25 24
44 37
2 40
62 91
20 94
4 86
64 100
36 38
38 84
71 32
29 35
115 38
108 35
94 100
66 38
30 115
43 54
103 105
1 57
59 35
45 100
64 113
17 38
38 97
112 46
57 110
15 113
73 54
31 57
1 70
45 113
42 44
80 70
128 3
31 70
72 71
28 1
47 14
65 68
151 71
7 63
58 65
74 9
93 22
35 17
53 71
37 63
56 76
9 1
47 27
5 30
104 9
90 74
39 28
23 20
32 25
44 79
35 30
53 84
37 76
56 89
9 14
50 15
14 92
27 31
113 71
30 36
71 74
90 87
35 151
29 77
103 26
48 90
122 39
20 28
6 93
4 20
23 33
57 31
2 95
76 44
20 149
69 41
110 42
27 44
113 84
84 26
29 90
115 93
87 31
6 106
4 33
45 34
38 31
98 45
101 50
1 112
59 90
91 42
8 44
94 47
52 50
43 1
1 4
54 96
128 45
87 44
45 47
64 60
31 112
3 50
22 63
79 45
98 58
82 50
1 125
73 1
40 53
72 5
75 47
65 2
68 7
109 45
67 48
70 53
3 63
47 69
19 7
5 72
65 123
63 50
82 63
95 2
40 66
72 18
56 10
42 112
14 13
33 63
46 2
32 67
65 15
49 7
35 72
109 58
95 123
7 10
26 23
89 79
9 56
83 5
47 82
41 8
46 123
44 13
53 18
39 83
37 10
56 23
113 5
13 67
32 80
71 8
90 21
35 85
7 23
37 131
9 69
83 18
27 86
113 126
44 26
2 29
62 80
81 93
34 18
20 83
37 23
4 75
113 18
71 21
57 86
29 24
48 37
6 40
111 93
50 83
25 26
66 27
30 104
2 42
84 81
4 88
78 37
22 105
38 86
112 35
57 99
29 37
18 107
105 32
31 46
50 96
108 37
149 38
66 40
52 105
84 94
43 56
1 59
59 37
45 102
64 115
17 40
3 105
61 46
80 59
38 99
115 53
15 115
54 43
73 56
94 115
47 3
68 62
45 115
58 54
77 67
42 46
80 72
47 124
54 56
40 121
86 8
72 73
75 115
88 54
33 118
47 16
46 57
68 75
40 13
7 65
42 59
83 60
74 11
19 75
160 14
13 1
32 14
63 118
16 6
35 19
95 70
72 86
37 65
9 3
69 17
113 60
46 70
5 32
49 75
90 76
62 14
81 27
39 30
23 22
83 73
96 12
13 14
32 27
44 81
2 84
117 71
35 32
34 73
92 14
37 78
50 17
14 94
8 20
113 73
11 25
20 30
106 33
6 95
23 35
44 94
159 81
38 20
15 36
20 151
59 79
18 41
50 30
8 33
27 46
11 38
112 90
115 95
106 46
4 35
45 36
3 39
38 33
57 46
84 149
91 44
110 57
10 55
115 108
1 6
87 46
45 49
86 50
3 52
77 1
22 65
79 47
31 6
72 7
75 49
107 1
65 4
10 68
151 7
68 9
58 1
47 71
19 9
5 74
46 112
95 4
40 68
81 69
56 12
88 1
14 15
151 20
35 74
26 25
70 68
83 7
47 84
60 23
46 125
44 15
104 66
123 79
21 68
62 69
117 5
34 7
53 20
37 12
23 77
113 7
13 69
90 23
35 87
76 88
37 133
111 82
9 71
83 20
50 72
69 85
41 23
113 128
25 15
85 29
104 79
103 83
59 13
23 90
36 29
55 42
113 20
13 82
99 85
44 149
112 24
57 88
76 101
115 29
6 42
18 96
50 85
27 101
85 42
24 32
43 45
1 48
59 26
4 90
45 91
25 149
38 88
112 37
57 101
115 42
54 32
73 45
18 109
94 104
66 42
11 106
24 45
43 58
1 61
45 104
58 43
3 107
77 56
38 101
98 115
10 2
54 45
73 58
89 2
47 5
107 56
65 59
10 123
68 64
128 115
58 56
47 126
93 13
79 115
32 3
35 8
95 59
12 61
70 2
56 67
88 56
47 18
46 59
65 72
68 77
35 129
62 3
7 67
26 80
42 61
83 62
74 13
13 3
16 8
35 21
53 75
37 67
56 80
9 5
69 19
113 62
27 22
71 65
30 27
7 80
81 29
48 81
39 32
23 24
13 16
2 86
76 35
117 73
37 80
50 19
27 35
113 75
29 81
103 30
48 94
106 35
23 37
64 38
38 22
57 35
43 100
117 86
18 43
50 32
110 46
8 35
94 38
84 30
29 94
87 35
45 38
3 41
38 35
98 49
84 151
43 113
101 54
1 116
59 94
18 56
10 57
45 51
86 52
77 3
89 57
47 60
80 8
24 113
98 62
1 129
21 44
72 9
56 1
33 54
107 3
93 68
7 1
86 65
89 70
28 60
47 73
21 57
95 6
40 70
53 9
37 1
56 14
14 17
93 81
46 6
13 58
151 22
35 76
7 14
48 15
37 122
83 9
69 74
60 25
46 127
2 20
62 71
81 84
37 14
160 84
113 9
13 71
71 12
90 25
35 89
76 90
29 15
6 31
37 135
105 10
9 73
50 74
8 77
27 90
113 130
44 30
30 95
2 33
17 18
38 77
112 26
71 25
29 28
115 31
73 34
105 23
50 87
8 90
94 93
66 31
85 44
24 34
84 85
1 50
87 90
100 29
45 93
36 44
77 45
38 90
112 39
98 104
115 44
101 109
73 47
18 111
59 149
22 1
75 93
94 106
66 44
107 45
33 96
10 112
101 1
1 63
100 42
45 106
58 45
42 37
61 50
80 63
52 1
93 2
79 104
10 4
82 109
101 122
95 48
31 63
72 64
89 4
88 45
47 7
5 10
82 1
123 2
109 104
68 66
49 53
40 4
81 5
70 112
42 50
28 115
47 128
74 2
19 66
32 5
51 18
35 10
21 112
72 77
70 4
56 69
47 20
14 72
46 61
5 23
104 2
81 18
20 8
39 21
23 13
9 115
74 15
60 80
32 18
104 123
35 23
53 77
37 69
111 18
56 82
9 7
50 8
69 21
14 85
27 24
113 64
30 29
90 80
62 18
20 21
39 34
4 13
23 26
83 77
13 18
99 21
25 72
44 85
16 23
2 88
76 37
15 27
18 32
110 35
8 24
27 37
113 77
84 19
29 83
122 45
87 24
106 37
6 99
45 27
22 43
66 86
85 99
38 24
57 37
15 40
1 105
18 45
59 83
17 86
91 35
75 27
8 37
94 40
112 94
10 46
115 99
87 37
45 40
31 105
22 56
121 35
38 37
43 115
82 43
101 56
1 118
75 40
94 53
33 43
93 57
10 59
73 115
26 3
86 54
70 46
3 56
47 62
5 65
24 115
63 43
82 56
21 46
56 3
33 56
93 70
68 13
35 65
7 3
67 54
86 67
47 75
41 1
104 57
37 3
74 70
13 60
71 1
90 14
35 78
7 16
48 17
37 124
9 62
83 11
69 76
113 119
46 129
60 27
104 70
30 84
2 22
117 9
81 86
37 16
4 68
23 81
14 32
113 11
13 73
71 14
90 27
57 79
50 76
69 89
2 35
87 79
4 81
23 94
38 79
29 30
115 33
6 46
94 95
85 46
43 49
1 52
59 30
45 95
38 92
82 98
115 46
149 44
33 98
65 50
68 55
1 65
109 93
45 108
77 60
42 39
80 65
93 4
63 98
51 7
10 6
101 124
86 1
72 66
47 9
46 50
5 12
7 58
40 6
42 52
47 130
74 4
19 68
32 7
51 20
104 112
35 12
67 1
53 66
37 58
70 6
56 71
14 74
113 53
5 25
13 115
32 128
151 79
90 69
35 133
164 18
20 10
39 23
23 15
9 117
83 66
143 80
13 7
44 74
118 23
35 25
37 71
111 20
56 84
50 10
8 13
27 26
113 66
30 31
71 69
62 20
48 85
20 23
4 15
23 28
96 18
44 87
38 13
117 77
15 29
59 72
18 34
23 149
50 23
110 37
55 101
94 29
27 39
11 31
38 134
112 83
30 44
84 21
29 85
103 34
115 88
6 101
45 29
64 42
124 93
3 32
22 45
38 26
15 42
101 45
1 107
59 85
18 47
91 37
110 50
75 29
94 42
52 45
73 104
45 42
3 45
89 48
22 58
121 37
43 117
82 45
1 120
40 48
119 112
77 115
33 45
51 62
68 2
73 117
86 56
70 48
47 64
46 105
63 45
82 58
123 59
21 48
40 61
81 62
72 13
58 115
56 5
74 59
32 62
90 3
35 67
7 5
67 56
26 18
47 77
88 115
41 3
46 118
44 8
104 59
53 13
37 5
56 18
23 70
42 120
74 72
13 62
71 3
35 80
76 81
48 19
6 22
37 126
111 75
9 64
129 129
27 81
113 121
25 8
44 21
104 72
4 70
23 83
55 35
113 13
13 75
57 81
76 94
6 35
50 78
124 27
8 81
85 35
2 37
84 76
1 41
106 94
45 84
55 48
38 81
112 30
57 94
98 95
115 35
73 38
75 84
66 35
84 89
1 54
87 94
45 97
119 46
17 35
3 100
38 94
79 95
31 54
5 1
24 51
26 60
100 46
3 113
77 62
42 41
61 54
80 67
47 119
19 57
93 6
63 100
35 1
12 54
86 3
72 68
47 11
46 52
5 14
68 70
86 124
42 54
19 70
32 9
16 1
35 14
95 65
53 68
37 60
56 73
113 55
13 117
27 15
30 20
49 70
62 9
13 9
44 76
117 66
34 68
92 9
37 73
8 15
27 28
113 68
30 33
90 84
84 10
103 23
20 25
4 17
23 30
44 89
85 90
38 15
18 36
59 74
23 151
50 25
8 28
11 33
52 34
38 136
71 84
103 36
115 90
45 31
163 23
66 90
38 28
98 42
15 44
101 47
1 109
36 103
75 31
94 44
33 34
52 47
38 149
112 98
10 50
115 103
109 29
54 93
73 106
12 96
45 44
86 45
3 47
47 53
80 1
79 42
68 112
1 122
21 37
40 50
72 2
58 104
77 117
42 96
10 63
151 2
68 4
67 45
70 50
47 66
19 4
46 107
5 69
104 48
7 115
72 15
58 117
14 10
13 51
49 4
90 5
35 69
70 63
37 115
9 53
83 2
69 67
44 10
2 13
62 64
34 2
37 7
113 2
32 77
71 5
90 18
35 82
29 8
48 21
37 128
9 66
105 3
69 80
41 18
27 83
113 123
117 13
23 85
55 37
38 70
71 18
29 21
115 24
6 37
18 91
8 83
94 86
113 136
66 24
85 37
24 27
43 40
87 83
1 43
45 86
119 35
36 37
77 38
80 43
38 83
112 32
115 37
101 102
54 27
73 40
18 104
110 107
75 86
149 35
66 37
10 105
1 56
100 35
45 99
17 37
3 102
77 51
80 56
52 115
46 41
10 118
49 46
68 59
26 62
67 100
86 113
70 105
42 43
61 56
47 121
82 115
35 3
12 56
14 65
47 13
151 70
68 72
35 124
20 1
41 60
32 11
44 65
16 3
35 16
76 17
53 70
37 62
56 75
50 1
69 14
113 57
104 8
7 75
39 27
4 6
120 73
37 75
69 27
8 17
113 70
27 30
30 35
71 73
90 86
48 89
4 19
45 20
64 33
22 36
38 17
2 94
43 95
15 33
1 98
59 76
18 38
75 20
8 30
94 33
11 35
29 89
73 95
45 33
38 30
101 49
1 111
87 151
59 89
94 46
38 151
93 50
115 105
86 47
47 55
88 93
80 3
79 44
82 49
123 50
26 117
141 104
58 106
42 98
74 50
65 1
26 9
67 47
56 117
9 42
47 68
5 71
46 109
63 49
95 1
7 117
81 66
53 4
56 9
83 112
14 12
74 63
13 53
32 66
90 7
35 71
7 9
34 112
37 117
113 112
104 63
117 2
62 66
34 4
37 9
14 25
113 4
13 66
99 69
76 85
29 10
48 23
37 130
50 69
113 125
27 85
25 12
43 29
117 15
84 67
59 10
4 74
78 23
23 87
17 13
38 72
112 21
29 23
115 26
15 88
18 93
50 82
94 88
66 26
30 103
24 29
43 42
84 80
1 45
45 88
119 37
36 39
22 104
80 45
38 85
112 34
115 39
54 29
73 42
31 45
75 88
149 37
66 39
24 42
10 107
68 48
1 58
100 37
45 101
86 102
119 50
58 40
77 53
42 32
61 45
121 96
19 48
98 112
54 42
95 43
12 45
31 58
72 59
75 101
47 2
33 104
46 43
65 56
49 48
7 51
26 64
86 115
39 3
42 45
47 123
93 10
60 62
63 104
51 13
35 5
95 56
34 46
53 59
37 51
69 3
14 67
46 56
5 18
123 10
35 126
90 62
81 13
67 115
26 77
20 3
23 8
83 59
47 136
99 3
44 67
32 13
35 18
76 19
2 70
37 64
56 77
9 2
50 3
14 80
55 81
8 6
113 59
13 121
71 62
30 24
90 75
103 14
48 78
4 8
23 21
64 22
50 124
44 80
85 81
38 6
57 19
2 83
18 27
59 65
50 16
55 94
94 22
27 32
113 72
30 37
84 14
115 81
87 19
6 94
45 22
64 35
22 38
25 80
66 81
85 94
38 19
98 33
15 35
1 100
18 40
94 35
80 100
84 27
115 94
87 32
45 35
86 36
3 38
98 46
1 113
40 41
58 95
75 35
10 54
128 46
86 49
47 57
46 98
63 38
42 100
14 1
35 60
68 8
109 46
9 44
47 70
162 57
5 73
44 1
81 68
53 6
42 113
129 1
74 65
51 81
90 9
35 73
7 11
37 119
50 58
69 71
27 74
25 1
44 14
71 117
104 65
2 17
117 4
62 68
37 11
36 15
113 6
13 68
71 9
90 22
37 132
105 7
69 84
27 87
25 14
66 15
84 69
87 74
1 34
4 76
64 90
17 15
22 93
99 84
38 74
112 23
2 151
115 28
15 90
18 95
36 149
149 26
94 90
24 31
84 82
43 44
115 149
1 47
45 90
119 39
58 29
77 42
38 87
112 36
82 93
115 41
54 31
18 108
75 90
88 29
33 93
24 44
65 45
10 109
68 50
100 39
45 103
47 112
80 60
19 50
95 45
53 48
89 1
47 4
33 106
107 55
46 45
5 7
65 58
49 50
68 63
109 101
26 66
86 117
39 5
70 109
42 47
47 125
32 2
35 7
95 58
72 74
37 53
56 66
14 69
113 48
46 58
16 115
90 64
35 128
81 15
48 67
23 10
9 112
83 61
60 77
13 2
44 69
16 7
2 72
76 21
117 59
37 66
69 18
96 121
113 61
30 26
90 77
84 3
122 29
20 18
4 10
50 126
124 75
99 18
38 8
57 21
2 85
15 24
59 67
50 18
91 19
38 129
29 80
115 83
45 24
105 75
3 27
66 83
38 21
79 22
98 35
15 37
101 40
1 102
59 80
18 42
94 37
52 40
10 43
115 96
128 35
45 37
3 40
79 35
63 27
82 40
101 53
1 115
40 43
100 94
75 37
80 115
93 54
10 56
137 97
109 35
67 38
31 115
89 56
47 59
46 100
165 51
49 105
21 43
81 57
61 115
14 3
74 54
35 62
34 103
37 108
70 56
111 57
9 46
47 72
44 3
2 6
53 8
39 73
97 14
32 70
35 75
29 1
37 121
111 70
9 59
83 8
69 73
27 76
113 116
25 3
44 16
145 68
29 122
62 70
59 1
4 65
71 11
57 76
76 89
115 17
48 27
18 84
69 86
8 76
113 129
66 17
30 94
84 71
43 33
1 36
59 14
45 79
36 30
22 95
80 36
38 76
57 89
98 90
115 30
31 36
105 22
94 92
43 46
10 98
115 151
1 49
45 92
17 30
58 31
79 90
54 33
73 46
100 149
72 50
93 109
46 34
65 47
70 98
93 1
5 117
82 108
21 98
95 47
53 50
56 55
88 44
47 6
14 58
46 47
5 9
32 112
151 63
123 1
68 65
35 117
7 55
81 4
70 111
83 50
74 1
41 53
60 66
104 109
35 9
62 112
34 50
37 55
56 68
69 7
14 71
27 10
13 112
113 50
30 15
104 1
90 66
35 130
71 53
7 68
48 69
20 7
106 10
83 63
13 4
57 10
2 74
117 61
134 1
20 128
37 68
50 7
113 63
11 15
90 79
48 82
87 10
64 26
96 15
22 29
25 71
66 72
38 10
57 23
2 87
15 26
59 69
18 31
75 13
8 23
94 26
52 29
38 131
112 80
84 18
29 82
115 85
87 23
45 26
3 29
22 42
108 82
149 83
66 85
38 23
98 37
82 29
15 39
1 104
18 44
100 83
80 104
33 29
52 42
112 93
10 45
115 98
54 88
128 37
67 27
86 40
31 104
3 42
89 45
47 48
88 86
107 99
79 37
63 29
82 42
40 45
77 112
42 91
33 42
93 56
10 58
109 37
54 101
67 40
86 53
53 105
70 45
47 61
46 102
63 42
21 45
40 58
81 59
39 62
56 2
42 104
14 5
32 59
151 10
35 64
95 115
7 2
48 3
37 110
9 48
69 62
113 105
5 77
46 115
60 13
104 56
62 59
7 123
20 62
37 2
35 77
29 3
37 123
9 61
69 75
41 13
113 118
25 5
44 18
85 19
30 83
43 22
20 75
23 80
38 65
112 14
71 13
76 91
15 81
18 86
50 75
66 19
11 83
43 35
1 38
45 81
17 19
36 32
3 84
80 38
38 78
112 27
115 32
73 35
18 99
12 25
66 32
24 35
10 100
1 51
100 30
45 94
58 33
77 46
79 92
63 84
54 35
12 38
107 46
93 111
46 36
7 44
58 46
42 38
47 116
82 110
34 39
53 52
72 65
37 44
56 57
129 47
5 11
46 49
35 119
7 57
39 9
23 1
83 52
47 129
35 11
2 63
34 52
37 57
56 70
69 9
14 73
113 52
30 17
90 68
29 58
39 22
4 1
25 60
2 76
106 133
18 20
59 58
50 9
110 23
27 25
113 65
112 69
84 7
29 71
115 74
6 87
4 14
45 15
38 12
24 77
43 90
1 93
45 136
17 74
91 23
38 133
115 87
45 28
22 44
24 90
1 106
33 31
93 45
86 42
3 44
89 47
47 50
65 104
63 31
123 45
21 34
40 47
100 98
26 112
42 93
74 45
68 1
35 53
95 104
67 42
70 47
9 37
88 101
47 63
5 66
104 45
21 47
7 112
56 4
14 7
74 58
13 48
159 102
35 66
7 4
6 8
37 112
9 50
69 64
129 115
27 67
113 107
44 7
104 58
2 10
20 64
39 77
37 4
4 56
124 121
55 21
13 61
71 2
90 15
29 5
48 18
37 125
69 77
27 80
113 120
66 8
85 21
2 23
1 27
4 69
17 8
38 67
76 93
115 21
15 83
18 88
31 27
50 77
108 18
8 80
94 83
52 86
43 37
84 75
1 40
45 83
58 22
3 86
38 80
112 29
98 94
82 86
15 96
101 99
115 34
73 37
18 101
149 32
88 22
107 35
24 37
65 38
100 32
45 96
58 35
144 38
3 99
42 27
61 40
47 105
79 94
21 89
54 37
12 40
53 41
56 46
88 35
10 115
49 43
68 56
109 94
89 115
42 40
47 118
51 8
53 54
139 57
72 67
39 119
37 46
56 59
14 62
113 41
5 13
46 51
35 121
7 59
81 8
70 115
83 54
35 13
2 65
37 59
8 1
113 54
71 57
16 121
90 70
92 116
4 3
50 119
38 1
76 27
117 65
15 17
4 124
154 68
30 32
38 122
112 71
84 9
115 76
6 89
4 16
45 17
3 20
22 33
66 76
38 14
15 30
1 95
18 35
17 76
77 90
94 30
80 95
33 20
38 135
115 89
45 30
31 95
94 151
63 20
101 46
1 108
45 151
58 90
42 82
52 46
93 47
51 50
95 93
67 31
86 44
70 36
89 49
149 100
28 39
88 90
47 52
46 93
63 33
49 98
40 49
81 50
42 95
74 47
32 50
151 1
51 63
35 55
67 44
70 49
111 50
9 39
14 117
47 65
46 106
21 49
20 53
53 1
39 66
23 58
14 9
55 10
13 50
90 4
35 68
76 69
53 122
6 10
37 114
111 63
50 53
83 1
69 66
41 4
27 69
113 109
44 9
71 112
62 63
4 58
55 23
96 61
113 1
71 4
112 5
57 69
29 7
115 10
15 72
50 66
69 79
8 69
113 122
25 9
11 74
85 23
84 64
1 29
59 7
4 71
45 72
77 24
22 88
80 29
38 69
112 18
57 82
115 23
101 88
18 90
31 29
91 80
110 93
94 85
24 26
1 42
100 21
45 85
77 37
80 42
38 82
79 83
73 39
31 42
75 85
94 98
107 37
93 102
46 27
65 40
10 104
68 45
67 86
58 37
42 29
61 42
47 107
19 45
82 101
68 166
72 56
56 48
88 37
93 115
32 105
49 45
35 110
70 104
9 94
47 120
41 46
123 115
35 2
37 48
56 61
14 64
74 115
27 3
113 43
30 8
71 46
90 59
16 110
35 123
23 5
83 56
27 124
104 115
2 67
117 54
37 61
69 13
14 77
8 3
113 56
90 72
48 75
20 13
106 16
6 78
4 5
23 18
50 121
38 3
57 16
2 80
43 81
117 67
59 62
18 24
17 65
8 16
94 19
38 124
29 75
106 29
45 19
105 70
38 16
24 81
43 94
82 22
15 32
101 35
18 37
75 19
94 32
33 22
52 35
98 151
54 81
73 94
45 32
3 35
47 41
88 79
65 95
98 43
63 22
82 35
142 86
1 110
68 100
101 48
40 38
42 84
33 35
70 38
47 54
46 95
63 35
68 113
7 103
40 51
72 3
32 52
16 44
35 57
34 98
37 103
28 54
113 98
46 108
2 1
39 68
138 47
14 11
96 50
16 57
35 70
48 9
53 124
37 116
124 4
69 68
11 63
2 14
43 15
106 71
23 73
38 58
112 7
76 84
15 74
73 15
92 65
18 79
59 117
50 68
110 82
94 74
27 84
24 15
84 66
29 130
1 31
59 9
100 10
45 74
4 73
3 77
77 26
22 90
80 31
38 71
112 20
57 84
115 25
54 15
149 23
94 87
66 25
52 90
84 79
10 93
1 44
45 87
86 88
3 90
77 39
89 93
42 18
80 44
79 85
54 28
95 29
40 93
12 31
149 36
33 90
52 103
46 29
65 42
151 45
10 106
68 47
26 50
86 101
70 93
42 31
47 109
19 47
5 112
79 98
123 104
95 42
40 106
34 32
53 45
56 50
47 1
14 53
74 104
46 42
5 4
151 58
49 47
90 48
35 112
109 98
7 50
111 107
83 45
47 122
44 53
118 2
35 4
34 45
37 50
23 115
69 2
14 66
74 117
113 45
27 5
71 48
30 10
35 125
20 2
106 5
39 15
23 7
83 58
44 66
104 117
16 4
2 69
76 18
117 56
15 8
18 13
23 128
69 15
27 18
113 58
30 23
112 62
71 61
4 7
45 8
50 123
25 66
66 67
85 80
38 5
57 18
1 86
59 64
18 26
45 129
152 26
36 80
8 18
94 21
38 126
10 27
84 13
115 80
73 83
45 21
3 24
22 37
121 16
66 80
38 18
79 19
24 83
101 37
1 99
40 27
75 21
52 37
54 83
128 32
86 35
70 27
3 37
88 81
47 43
107 94
82 37
26 105
58 94
42 86
80 112
33 37
35 46
67 35
86 48
70 40
47 56
88 94
46 97
63 37
68 115
7 105
81 54
83 100
13 41
32 54
35 59
37 105
69 57
113 100
46 110
27 60
49 115
62 54
20 57
4 49
83 113
36 1
99 57
90 8
37 118
50 57
124 6
69 70
66 1
11 65
85 14
117 3
29 119
20 70
106 73
23 75
17 1
38 60
112 9
76 86
115 14
18 81
50 70
94 76
66 14
85 27
84 68
1 33
45 76
17 14
38 73
98 87
43 151
115 27
54 17
18 94
31 33
77 149
75 76
149 25
94 89
88 15
24 30
10 95
1 46
45 89
86 90
89 95
42 20
61 33
47 98
54 30
21 82
95 31
12 33
72 47
75 89
46 31
65 44
67 90
26 52
70 95
42 33
83 34
51 1
95 44
53 47
37 39
74 106
113 34
46 44
16 101
90 50
111 109
41 50
32 1
2 58
117 45
35 6
20 112
37 52
56 65
69 4
14 68
27 7
113 47
29 53
20 4
50 112
8 115
44 68
85 69
57 7
2 71
117 58
59 53
4 117
23 130
50 4
110 18
8 7
94 10
11 12
30 25
38 115
112 64
71 63
84 2
115 69
48 79
87 7
6 82
4 9
45 10
64 23
50 125
3 13
66 69
38 7
57 20
98 21
84 123
24 72
15 23
1 88
59 66
45 131
17 69
91 18
77 83
75 10
94 23
52 26
38 128
112 77
10 29
115 82
45 23
3 26
89 29
22 39
66 82
98 34
43 98
1 101
100 80
58 83
75 23
61 88
19 91
93 40
10 42
109 21
73 98
12 88
86 37
70 29
47 45
21 29
81 43
74 40
93 53
35 48
67 37
53 102
72 115
70 42
56 107
9 32
28 45
88 96
47 58
5 61
65 112
151 115
68 117
21 42
7 107
81 56
23 51
138 38
14 2
74 53
13 43
35 61
95 112
153 53
53 115
6 3
37 107
9 45
50 46
69 59
27 62
113 102
44 2
85 3
30 67
6 124
23 64
83 115
96 54
44 123
76 75
115 3
48 13
15 65
34 115
6 16
37 120
50 59
69 72
8 62
113 115
27 75
25 2
66 3
71 118
2 18
84 57
1 22
87 62
45 65
17 3
38 62
115 16
101 81
18 83
31 22
84 70
1 35
100 14
45 78
64 91
3 81
22 94
121 73
38 75
98 89
40 84
31 35
93 95
68 38
26 41
67 79
70 84
42 22
61 35
47 100
19 38
79 89
123 95
21 84
12 35
53 36
33 94
46 33
42 35
83 36
47 113
63 94
51 3
104 95
62 98
95 46
53 49
72 62
37 41
56 54
113 36
30 1
90 52
35 116
48 55
81 3
9 100
76 9
37 54
69 6
14 70
27 9
113 49
11 1
90 65
48 68
20 6
105 50
96 1
22 15
15 12
106 130
18 17
50 6
8 9
11 14
38 117
57 130
84 4
115 71
73 74
45 12
3 15
94 133
85 84
38 9
79 10
98 23
43 87
82 15
15 25
1 90
59 68
100 69
45 133
3 136
22 149
80 90
33 15
38 130
112 79
115 84
109 10
54 74
128 23
45 25
86 26
47 34
66 84
107 85
24 87
68 93
1 103
21 18
42 77
19 93
10 44
51 45
109 23
67 26
31 103
72 104
70 31
89 44
151 104
104 29
81 45
58 98
42 90
74 42
13 32
32 45
16 37
35 50
26 1
72 117
37 96
111 45
69 48
14 112
46 101
151 117
62 45
14 4
13 45
99 48
44 112
16 50
35 63
2 115
48 2
34 104
92 45
37 109
9 47
50 48
8 51
27 64
113 104
2 7
4 53
64 67
83 117
96 56
55 18
44 125
38 51
117 115
29 2
115 5
6 18
18 72
50 61
91 62
94 67
27 77
113 117
66 5
85 18
30 82
24 8
84 59
43 21
1 24
59 2
100 3
45 67
4 66
64 80
36 18
80 24
38 64
112 13
115 18
15 80
18 85
59 123
31 24
94 80
66 18
52 83
1 37
45 80
119 29
86 81
3 83
77 32
80 37
63 70
40 86
31 37
72 38
88 19
33 83
46 22
65 35
68 40
86 94
70 86
42 24
61 37
47 102
63 83
21 86
95 35
12 37
56 43
46 35
32 100
51 113
49 40
68 53
35 105
7 43
67 94
83 38
28 102
47 115
44 46
53 51
37 43
14 59
129 46
113 38
32 113
30 3
35 118
39 8
50 103
25 46
44 59
62 113
103 114
15 1
34 51
120 54
18 6
37 56
69 8
113 51
71 54
90 67
29 57
48 70
106 11
45 1
105 52
64 14
108 57
66 60
2 75
15 14
1 79
18 19
4 121
75 1
94 14
38 119
112 68
10 20
29 70
115 73
45 14
64 27
3 17
38 11
147 146
45 135
91 22
58 74
22 151
38 132
10 33
115 86
54 76
67 15
70 20
3 30
47 36
65 90
100 84
86 149
77 100
42 79
33 30
74 31
32 34
82 151
35 39
95 90
86 41
53 93
47 49
33 151
5 52
104 31
123 44
21 33
7 98
81 47
39 50
74 44
13 34
32 47
63 151
51 60
35 52
37 98
9 36
69 50
60 1
46 103
113 93
104 44
62 47
20 50
55 7
96 45
13 47
118 63
90 1
2 117
76 66
48 4
6 7
37 111
69 63
8 53
27 66
113 106
11 58
85 7
2 9
43 10
29 112
84 48
20 63
6 128
4 55
23 68
64 69
38 53
76 79
29 4
115 7
73 10
59 112
6 20
18 74
17 115
91 64
8 66
94 69
11 71
112 123
43 23
115 128
1 26
161 15
45 69
3 72
22 85
80 26
38 66
112 15
79 67
115 20
54 10
73 23
31 26
75 69
24 23
10 88
1 39
45 82
86 83
58 21
3 85
89 88
22 98
79 80
98 93
72 40
75 82
88 21
46 24
65 37
49 29
68 42
7 32
26 45
67 83
70 88
42 26
47 104
21 88
95 37
40 101
53 40
37 32
56 45
129 35
93 112
46 37
49 42
90 43
35 107
7 45
47 117
44 48
123 112
117 38
37 45
56 58
14 61
113 40
32 115
30 5
90 56
35 120
29 46
48 59
23 2
9 104
50 105
64 3
124 54
118 10
76 13
15 3
106 121
59 46
18 8
27 13
11 5
71 56
112 57
30 18
29 59
115 62
106 13
45 3
66 62
85 75
101 19
1 81
18 21
45 124
38 121
112 70
10 22
84 8
115 75
45 16
86 17
89 22
75 124
82 19
1 94
80 94
52 32
93 33
19 84
10 35
70 22
89 35
149 86
88 76
47 38
65 92
49 84
21 22
26 100
93 46
32 36
35 41
95 92
67 30
70 35
56 100
9 25
88 89
14 103
47 51
5 54
46 92
104 33
123 46
21 35
7 100
26 113
42 94
35 54
37 100
9 38
50 39
113 95
60 3
7 113
103 50
122 63
20 52
23 57
25 103
57 55
2 119
76 68
117 106
37 113
50 52
124 1
69 65
36 117
27 68
113 108
85 9
84 50
1 15
6 130
4 57
78 6
36 9
38 55
115 9
15 71
73 12
18 76
105 1
31 15
91 66
94 71
66 9
85 22
112 125
84 63
115 130
1 28
73 133
100 7
45 71
64 84
17 9
58 10
77 23
61 15
38 68
98 82
115 22
1 149
54 12
18 89
12 15
149 20
94 84
88 10
33 74
24 25
67 72
86 85
58 23
42 15
47 93
63 74
53 29
93 101
151 42
109 82
68 44
7 34
67 85
70 90
83 29
47 106
60 45
5 109
63 87
21 90
34 29
53 42
37 34
56 47
14 50
113 29
46 39
32 104
90 45
35 109
7 47
41 45
25 37
44 50
76 2
117 40
120 45
39 120
37 47
78 48
23 112
14 63
113 42
99 107
32 117
30 7
71 45
90 58
35 122
76 123
29 48
106 2
23 4
50 107
25 50
44 63
57 2
15 5
59 48
18 10
96 115
11 7
52 8
38 110
112 59
71 58
115 64
87 2
45 5
64 18
3 8
22 21
66 64
38 2
43 80
1 83
18 23
45 126
94 18
33 8
38 123
112 72
115 77
54 67
73 80
45 18
86 19
121 13
66 77
24 80
98 29
82 21
68 86
1 96
42 70
75 18
61 83
33 21
19 86
93 35
10 37
67 19
86 32
89 37
28 27
47 40
46 81
65 94
104 22
123 35
61 96
74 35
93 48
60 100
35 43
95 94
67 32
37 89
70 37
9 27
5 56
46 94
104 35
62 38
81 51
26 115
39 54
23 46
60 113
13 38
32 51
35 56
76 57
117 95
92 38
37 102
56 115
50 41
90 113
103 52
38 44
76 70
48 8
50 54
27 70
113 110
24 1
115 119
1 17
45 60
38 57
15 73
101 76
54 1
73 14
94 73
10 79
43 27
87 70
1 30
100 9
45 73
58 12
3 76
1 151
54 14
31 30
72 31
149 22
80 151
88 12
93 90
67 74
26 36
47 95
82 89
53 31
74 90
151 44
35 98
47 108
104 90
53 44
37 36
42 151
113 31
13 93
71 34
16 98
90 47
7 49
48 50
39 1
6 53
9 95
124 45
27 112
118 1
2 55
76 4
117 42
39 122
4 101
37 49
78 50
69 1
36 53
27 4
13 106
113 44
57 112
29 50
48 63
106 4
105 45
108 50
22 10
8 112
99 1
66 53
85 66
11 117
57 4
2 68
84 107
15 7
1 72
87 112
59 50
17 53
8 4
94 7
38 112
29 63
115 66
45 7
31 72
50 122
22 23
85 79
38 4
43 82
1 85
59 63
100 64
45 128
17 66
77 80
75 7
94 20
80 85
33 10
52 23
38 125
115 79
109 5
67 8
12 72
86 21
70 13
47 29
79 18
63 10
68 88
42 72
33 23
93 37
51 40
109 18
53 86
28 29
47 42
5 45
46 83
63 23
123 37
62 27
81 40
26 104
42 85
74 37
19 101
13 27
51 53
35 45
72 112
37 91
56 104
69 43
113 86
46 96
5 58
104 37
49 101
7 104
81 53
20 43
39 56
23 48
13 40
16 45
35 58
76 59
37 104
50 43
69 56
8 46
113 99
90 115
4 48
41 115
38 46
2 123
15 62
6 13
18 67
50 56
27 72
85 13
71 115
24 3
1 19
45 62
77 14
38 59
112 8
98 73
115 13
18 80
66 13
65 17
68 22
1 32
54 124
45 75
86 76
58 14
77 27
22 91
42 6
80 32
31 32
88 14
10 94
151 33
26 38
86 89
89 94
19 35
95 30
37 25
56 38
88 27
74 92
46 30
32 95
49 35
90 36
35 100
7 38
26 51
70 94
9 84
83 33
47 110
2 44
21 94
34 33
20 98
53 46
37 38
23 103
138 90
14 54
113 33
35 113
29 39
122 1
111 108
83 46
50 98
124 47
85 55
2 57
20 111
18 1
113 46
99 111
112 50
29 52
103 1
15 117
115 55
106 6
64 9
69 124
85 68
57 6
98 7
15 9
1 74
45 117
77 69
94 9
38 114
112 63
84 1
115 68
54 58
87 6
73 71
45 9
31 74
121 4
79 7
98 20
1 87
40 15
100 66
45 130
17 68
33 12
38 127
54 71
128 20
12 74
86 23
31 87
3 25
88 69
47 31
46 72
68 90
58 82
42 74
19 90
63 133
51 42
35 34
155 136
56 93
9 18
47 44
46 85
5 47
65 98
104 26
7 93
39 45
42 87
60 104
32 42
118 45
35 47
95 98
53 101
37 93
111 42
69 45
27 48
113 88
90 104
62 42
81 55
20 45
4 37
23 50
55 2
96 40
60 117
99 45
118 58
2 112
6 2
37 106
50 45
8 48
113 101
85 2
71 104
30 66
90 117
1 8
106 61
4 50
23 63
124 115
38 48
115 2
15 64
73 5
18 69
24 5
84 56
29 120
115 123
43 18
1 21
106 74
45 64
105 115
17 2
3 67
80 21
38 61
79 62
112 10
98 75
115 15
15 77
54 5
18 82
31 21
24 18
26 27
45 77
3 80
77 29
42 8
47 86
101 93
21 70
56 27
93 94
151 35
68 37
7 27
42 21
47 99
19 37
63 80
123 94
95 32
40 96
53 35
39 100
37 27
74 94
113 22
46 32
13 84
32 97
49 37
90 38
35 102
67 91
9 86
83 35
69 100
60 51
5 115
25 30
44 43
104 94
2 46
117 33
34 35
39 113
37 40
23 105
14 56
55 57
113 35
71 38
35 115
6 57
69 113
44 56
2 59
76 8
18 3
23 118
27 8
38 103
30 13
29 54
115 57
6 70
105 49
3 1
22 14
85 70
24 60
15 11
1 76
45 119
36 70
33 1
38 116
112 65
98 130
115 70
45 11
22 27
121 6
107 71
65 74
98 22
63 1
101 27
1 89
40 17
100 68
45 132
58 71
42 63
80 89
19 79
10 30
63 122
156 84
54 73
72 90
28 20
47 33
5 36
151 90
63 14
68 92
42 76
93 41
32 31
35 36
95 87
70 30
37 82
56 95
47 46
88 84
46 87
90 93
62 31
7 95
81 44
70 151
23 39
83 90
41 93
13 31
32 44
35 49
76 50
150 36
21 151
37 95
50 34
69 47
27 50
113 90
103 45
23 52
83 103
55 4
96 42
13 44
57 50
48 1
6 4
18 58
50 47
8 50
27 63
113 103
71 106
30 68
43 7
84 45
115 112
29 109
1 10
87 50
4 52
45 53
78 1
64 66
119 2
77 5
38 50
57 63
15 66
101 69
18 71
75 53
108 1
24 7
43 20
1 23
100 2
45 66
17 4
58 5
3 69
121 61
38 63
101 82
40 72
31 23
158 64
94 79
88 5
107 18
46 8
86 80
58 18
42 10
61 23
47 88
21 72
72 37
56 29
88 18
46 21
32 86
35 91
68 39
7 29
67 80
26 42
86 93
70 85
89 98
42 23
83 24
47 101
44 32
63 82
21 85
34 24
53 37
37 29
14 45
113 24
13 86
151 50
35 104
7 42
111 99
9 88
83 37
41 40
25 32
44 45
2 48
34 37
20 102
39 115
37 42
113 37
71 40
29 43
48 56
111 112
50 102
69 115
25 45
84 100
20 115
18 5
59 43
52 3
38 105
29 56
115 59
50 115
66 59
24 62
15 13
101 16
1 78
59 56
100 57
45 121
38 118
10 19
115 72
54 62
45 13
12 65
86 14
3 16
89 19
121 8
47 22
65 76
63 3
68 81
1 91
45 134
58 73
77 86
42 65
80 91
74 17
19 81
67 14
86 27
72 92
70 19
89 32
47 35
104 17
68 94
7 84
39 36
83 79
19 94
13 20
51 46
35 38
95 89
70 32
37 84
28 35
69 36
14 100
113 79
151 105
104 30
90 95
62 33
20 36
32 46
104 151
35 51
117 90
37 97
9 35
69 49
14 113
8 39
71 95
29 98
4 41
124 106
38 39
76 65
50 49
91 50
110 63
8 52
94 55
30 70
84 47
48 124
1 12
4 54
45 55
64 68
77 7
108 111
121 50
38 52
112 1
24 117
15 68
1 133
73 9
31 12
91 63
94 68
33 58
107 7
65 10
68 15
54 117
1 25
45 68
86 69
58 7
61 12
80 25
98 79
101 84
95 10
40 74
31 25
75 68
46 10
65 23
10 87
7 18
26 31
67 69
86 82
70 74
47 90
63 71
81 88
34 13
37 18
93 98
46 23
90 29
35 93
7 31
26 44
70 87
9 77
83 26
47 103
5 106
123 98
117 24
81 101
120 29
53 39
37 31
56 44
14 47
74 98
