23 132
24 97
16 93
36 71
55 84
28 67
29 32
96 122
8 9
40 41
45 156
11 14
3 159
68 139
14 168
15 133
148 168
80 113
41 42
140 164
27 107
33 38
44 47
90 163
10 54
101 172
7 165
54 97
14 24
74 75
19 139
66 71
23 109
84 125
7 21
107 108
13 101
9 67
28 80
109 154
128 167
80 90
121 128
26 119
67 157
100 105
132 137
101 149
81 91
54 74
67 193
59 189
173 174
165 170
51 68
84 102
103 115
35 60
106 120
166 171
47 70
139 153
3 149
150 168
14 158
101 126
7 119
80 103
27 97
153 173
18 128
19 93
11 89
39 71
83 114
3 5
75 110
54 87
11 125
32 68
84 115
35 73
7 11
93 163
6 15
10 165
58 62
50 58
109 144
61 67
7 96
40 44
26 109
27 74
30 79
82 126
62 68
94 100
27 110
146 147
119 193
11 102
12 67
32 45
91 131
131 167
3 18
75 123
35 50
21 152
95 101
103 105
135 137
87 97
127 133
52 139
36 51
76 87
117 125
14 112
168 170
93 176
180 181
67 124
98 111
90 107
42 67
169 171
101 116
7 109
80 93
67 160
27 87
13 189
18 118
83 104
102 117
75 100
23 89
10 119
84 105
35 63
9 11
22 93
33 139
74 140
20 169
86 114
23 174
51 156
97 123
89 119
130 157
109 134
149 170
14 125
42 44
7 86
13 166
18 95
31 34
89 155
150 171
2 7
31 70
32 35
104 140
83 117
43 44
35 40
5 17
38 51
137 173
9 24
68 73
109 111
122 193
15 67
67 114
4 174
32 156
58 65
70 119
90 97
42 57
55 139
61 70
47 135
113 117
13 179
39 51
112 121
17 149
91 98
131 134
82 129
83 94
1 24
146 150
105 118
10 109
164 167
62 156
127 136
20 159
85 139
46 68
86 104
38 64
23 164
89 109
109 124
149 160
168 173
7 76
26 89
27 54
90 110
33 70
38 185
152 170
10 86
16 17
19 171
93 120
133 193
125 189
38 41
56 89
9 14
20 172
66 139
67 104
12 168
13 133
4 164
159 187
23 177
97 126
89 122
63 70
42 47
28 112
48 90
60 64
12 24
52 60
31 37
4 20
83 84
75 80
15 178
7 174
1 14
133 170
93 97
85 93
105 108
56 66
116 117
108 113
155 194
20 149
60 185
93 133
126 130
167 168
137 176
130 137
170 173
149 150
48 67
171 174
68 161
121 173
41 64
33 60
18 160
52 73
10 76
54 119
74 97
45 70
37 66
23 131
137 153
12 158
13 123
11 13
14 167
48 80
148 167
46 156
119 140
12 14
44 46
9 125
15 168
101 171
7 164
1 4
33 73
18 173
34 38
152 173
165 192
45 47
37 43
75 155
15 24
74 110
7 20
20 139
59 67
24 109
75 191
87 165
128 166
8 21
129 167
81 90
67 192
27 119
33 50
18 150
52 63
60 67
133 137
70 197
7 177
103 114
54 109
74 87
20 116
93 100
12 112
166 170
32 90
37 56
23 121
177 179
36 60
114 159
67 84
126 133
167 171
56 154
3 148
28 92
40 66
80 102
100 117
15 158
62 90
7 154
81 103
54 86
33 63
19 128
20 93
133 150
11 124
32 67
84 114
35 72
21 174
95 123
87 119
7 10
12 125
13 90
18 19
4 121
52 161
23 134
10 164
36 73
55 86
47 82
40 43
10 20
14 170
61 102
62 67
80 115
41 44
26 144
27 109
33 40
121 153
11 101
42 125
3 17
101 174
54 99
95 100
154 186
20 106
66 73
11 137
85 86
13 67
106 109
135 172
96 101
136 137
7 23
128 133
59 70
128 169
15 112
169 170
7 108
80 92
67 159
27 86
13 188
18 117
151 152
102 116
54 76
165 172
32 57
51 70
43 66
103 117
35 62
21 164
95 113
155 164
87 109
166 173
179 192
24 89
56 121
136 150
139 155
26 98
89 154
90 119
150 170
14 160
2 6
15 125
101 128
7 121
80 105
67 172
25 26
39 73
31 69
32 34
90 155
3 7
101 164
75 112
35 39
20 96
32 70
23 101
123 188
84 117
35 75
21 177
9 23
36 40
6 17
76 112
14 137
7 98
80 82
26 111
27 76
13 178
18 107
67 149
113 116
118 194
70 154
17 148
91 97
82 128
2 19
83 93
62 70
146 149
32 47
51 60
43 56
35 52
95 103
127 135
85 138
109 123
14 114
128 136
168 172
86 139
59 122
89 144
90 109
42 69
169 173
101 118
7 111
27 89
153 165
91 110
9 157
164 179
9 13
20 171
12 167
6 7
31 180
89 121
149 172
42 46
21 23
67 139
13 168
18 97
32 181
39 40
24 177
31 36
90 122
10 13
9 134
101 131
13 24
32 37
105 107
123 155
43 46
35 42
61 180
87 89
73 154
74 119
65 70
164 192
137 175
57 66
97 102
138 140
74 155
120 122
67 116
6 20
18 74
98 103
42 59
28 124
7 101
47 137
153 155
19 75
111 158
104 119
123 132
69 161
21 121
94 105
93 109
104 155
10 111
137 152
164 169
102 194
54 154
67 93
13 122
46 70
38 66
23 166
89 111
13 158
59 125
119 139
12 13
90 112
36 141
48 115
1 3
60 89
5 153
33 72
13 14
152 172
45 46
10 88
74 109
19 173
93 122
46 47
78 79
137 165
2 120
9 16
87 164
7 55
67 106
12 170
86 119
4 166
159 189
23 179
89 124
28 114
47 127
129 166
100 139
60 66
52 62
9 137
75 82
1 16
113 194
74 86
19 150
133 172
105 110
145 146
56 68
108 115
74 122
114 158
13 112
126 132
167 170
38 56
24 121
70 88
178 179
89 101
149 152
28 91
107 155
53 184
100 116
111 125
56 189
7 153
41 66
33 62
133 149
104 122
94 157
20 128
93 112
37 68
23 133
137 155
55 85
96 123
88 119
67 96
13 125
11 15
3 160
14 169
80 114
121 152
140 165
38 154
4 12
15 170
101 173
62 102
7 166
1 6
27 144
54 98
34 40
74 76
154 185
125 158
37 45
96 100
67 73
12 137
59 69
4 133
116 194
55 98
128 168
8 23
100 106
150 192
121 165
67 194
141 143
33 52
18 152
52 65
44 61
31 91
54 111
74 89
19 153
20 118
60 154
114 125
12 114
166 172
23 123
55 75
96 113
47 71
88 109
107 122
167 173
139 154
65 125
56 156
3 150
28 94
14 159
40 68
80 104
89 189
90 154
15 160
3 6
48 157
54 88
14 15
81 105
18 165
113 174
20 95
133 152
123 187
35 74
7 12
18 21
24 101
76 111
40 45
80 81
32 190
37 156
14 172
15 137
62 69
7 133
8 98
80 117
27 111
33 42
81 82
11 103
91 132
84 93
75 124
103 106
95 102
87 98
128 135
147 148
180 182
14 149
15 114
128 171
129 136
7 110
80 94
169 172
27 88
132 141
90 144
91 109
102 118
8 111
181 182
11 116
165 174
32 59
23 90
9 192
43 68
103 119
35 64
21 166
106 124
128 148
26 100
13 167
18 96
90 121
10 12
150 172
7 123
54 55
153 177
25 28
32 36
90 157
23 67
91 122
3 9
43 45
75 114
35 41
14 18
32 72
65 69
36 42
109 112
122 194
47 51
6 19
58 66
3 130
77 79
50 62
42 58
55 140
101 107
7 100
80 84
67 151
113 118
153 154
19 74
70 156
17 150
91 99
9 146
2 21
82 130
102 108
75 91
154 155
20 75
11 106
112 158
23 80
105 119
35 54
95 105
127 137
187 188
85 140
10 146
109 125
168 174
26 90
27 55
59 124
130 184
90 111
61 84
38 186
31 61
131 148
9 159
16 18
75 104
21 133
94 117
6 153
112 171
56 90
14 93
74 144
20 173
67 105
12 169
4 165
23 178
97 127
89 123
50 52
149 174
7 90
47 126
26 103
13 170
100 138
24 179
39 42
90 124
2 11
83 85
75 81
1 15
5 165
53 62
32 39
105 109
56 67
35 44
116 118
73 156
20 150
66 117
93 134
117 119
89 100
120 124
7 67
26 80
67 118
53 183
18 76
4 178
98 105
90 101
150 152
42 61
48 104
111 160
31 51
112 125
123 134
62 124
93 111
164 171
67 95
12 159
38 68
23 168
24 133
97 117
89 113
149 164
55 120
28 103
7 80
18 89
19 54
12 15
4 11
23 24
82 110
15 169
48 117
1 5
18 174
34 39
112 138
152 174
37 44
16 21
74 111
93 124
67 72
38 45
137 167
57 58
89 90
55 97
67 108
12 172
13 137
27 35
4 168
111 114
117 194
47 129
129 168
121 164
60 68
33 51
141 142
52 64
4 24
44 60
123 124
10 67
7 178
1 18
54 110
74 88
19 152
20 117
53 65
11 148
45 61
133 174
31 126
145 148
23 122
56 70
84 138
108 117
55 74
114 160
20 153
12 149
13 114
126 134
167 172
89 103
55 110
28 93
100 118
15 159
7 155
18 164
152 164
90 189
10 80
7 191
19 165
93 114
18 20
55 87
28 70
19 21
63 64
14 171
48 84
80 116
41 45
121 154
33 41
38 156
4 14
110 144
15 172
61 139
7 168
81 117
54 100
34 42
133 164
20 107
125 160
45 51
85 87
37 47
63 185
23 112
135 173
96 102
7 24
47 60
67 75
28 83
109 157
128 170
129 135
100 108
111 117
109 193
15 149
101 152
121 167
8 110
81 94
44 63
165 173
51 71
42 139
101 188
21 165
122 131
155 165
20 120
60 156
166 174
4 112
24 90
10 155
47 73
88 111
139 156
129 148
61 93
7 122
80 106
67 173
25 27
3 8
62 94
101 165
20 97
12 93
32 71
23 102
24 67
123 189
35 76
21 178
15 18
155 178
7 14
18 23
77 78
40 47
80 83
110 111
2 20
102 107
8 100
67 186
27 113
33 44
81 84
19 109
20 74
91 134
51 61
3 21
103 108
35 53
114 117
87 100
112 193
158 160
24 80
10 145
115 198
22 119
55 67
96 105
128 137
147 150
99 110
86 140
130 183
42 70
169 174
80 96
27 90
18 121
19 86
31 60
91 111
110 124
54 80
11 118
32 61
131 183
43 70
17 18
35 66
21 168
75 139
95 117
135 153
87 113
10 158
56 125
149 173
14 128
15 93
21 24
128 150
7 89
13 169
86 153
24 178
90 123
10 14
150 174
101 132
7 125
5 164
11 95
32 38
43 47
35 43
61 181
87 90
6 165
105 144
57 67
36 44
76 80
117 118
109 114
120 123
67 117
6 21
4 177
90 100
42 60
61 73
7 102
80 86
26 115
88 176
18 111
19 76
111 159
31 50
91 101
131 137
9 148
2 23
183 184
75 93
48 139
54 70
165 166
112 160
32 51
10 112
84 98
164 170
35 56
54 155
87 103
38 67
23 167
97 116
76 93
54 191
55 119
13 159
24 168
98 117
43 181
90 113
36 142
42 73
82 109
101 122
150 164
8 80
20 54
60 90
119 176
13 15
83 110
6 155
19 174
93 123
85 119
5 10
10 125
38 44
17 21
2 121
137 166
9 17
93 159
67 107
12 171
6 11
4 167
31 184
89 125
42 50
28 115
61 63
7 92
47 128
27 70
13 172
18 101
39 44
111 149
112 114
4 23
75 83
21 112
1 17
133 173
45 60
105 111
145 147
108 116
127 129
20 152
46 61
31 161
86 97
23 157
57 70
89 102
109 117
55 109
67 120
13 149
70 125
90 103
82 99
41 67
100 153
61 161
19 164
45 73
85 109
164 173
20 165
19 20
32 139
23 170
97 119
28 105
148 170
20 21
52 53
4 13
15 171
7 167
121 189
1 7
34 41
13 18
125 159
37 46
16 23
62 139
114 149
67 74
46 51
86 87
137 169
55 99
88 133
8 24
67 110
4 170
100 107
118 155
76 158
68 154
109 192
129 170
121 166
60 70
33 53
52 66
112 117
44 62
123 126
101 187
1 20
54 112
74 90
19 154
93 103
133 176
145 150
185 186
23 124
55 76
107 123
126 136
167 174
24 125
64 161
89 105
119 133
7 157
41 70
81 106
33 66
18 166
79 182
125 149
152 166
155 177
7 13
12 128
13 93
31 141
59 60
72 142
23 137
24 102
85 112
124 189
16 98
40 46
19 23
11 19
30 32
63 66
28 108
14 173
80 118
67 185
27 112
33 43
52 56
4 16
44 52
3 20
7 170
81 119
154 189
34 44
74 80
20 109
4 101
158 159
7 26
107 113
147 149
99 109
4 137
118 122
159 160
16 111
76 125
117 163
28 85
109 159
14 150
128 172
129 137
148 150
80 95
121 133
100 110
111 119
121 169
27 125
33 56
19 121
20 86
11 117
32 60
23 91
51 73
102 155
75 138
35 65
21 167
95 116
103 120
20 122
106 125
52 154
166 176
23 127
16 88
36 66
96 117
28 62
128 149
93 191
57 125
76 138
150 173
15 128
7 124
80 108
27 102
153 178
18 133
132 155
31 72
91 123
83 119
3 10
101 167
14 19
6 164
11 130
32 73
36 43
88 90
33 154
58 67
28 75
80 85
91 100
62 73
7 137
48 138
113 155
154 156
19 111
20 76
11 107
112 159
32 50
63 154
3 23
35 55
114 119
187 189
10 147
36 56
88 103
101 121
80 98
153 168
39 66
31 62
9 160
83 109
102 122
54 82
20 89
11 120
112 172
32 63
84 110
35 68
21 170
176 193
20 174
93 158
6 10
31 183
10 160
37 114
51 161
97 128
50 53
109 139
29 30
128 152
61 62
13 171
86 155
39 43
97 164
90 125
2 12
83 86
62 63
7 127
8 92
101 134
19 101
11 97
112 149
32 40
35 45
95 96
127 128
5 22
46 60
57 69
116 155
128 129
74 158
120 125
66 154
26 81
6 23
4 179
32 161
58 70
70 124
98 106
50 66
90 102
42 62
82 98
7 104
48 105
67 155
113 122
39 56
31 52
45 72
10 114
164 172
35 58
62 161
22 88
20 164
12 160
86 109
23 169
97 118
149 165
95 194
168 178
7 81
26 94
18 90
98 119
90 115
150 166
82 111
21 101
153 171
31 65
21 137
175 195
74 112
93 125
137 168
17 23
2 123
57 59
122 188
20 177
67 109
12 173
6 13
4 169
18 67
97 131
70 114
42 52
28 117
47 130
31 42
91 93
104 112
123 125
75 85
94 98
7 179
1 19
133 175
53 66
45 62
105 113
145 149
56 71
116 122
108 118
14 74
74 125
20 154
93 138
12 150
126 135
24 124
57 72
55 111
67 122
18 80
100 119
90 105
100 155
33 65
152 165
19 166
93 115
85 111
37 71
7 48
20 167
13 128
86 112
23 172
11 18
30 31
89 117
22 176
55 124
48 85
20 23
46 161
12 19
31 32
4 15
9 130
15 173
62 105
7 169
1 9
34 43
133 165
85 88
71 190
63 186
56 61
122 155
67 76
59 72
23 149
16 110
89 94
28 84
148 149
100 109
76 160
82 91
68 156
15 150
121 168
60 72
52 68
112 119
115 124
2 67
101 189
54 114
122 132
20 121
166 175
37 61
23 126
137 148
96 116
88 112
67 89
167 176
4 149
48 75
129 149
80 107
58 125
101 166
81 108
54 91
33 68
18 168
19 133
71 180
37 38
84 119
21 179
15 19
74 105
7 15
26 28
18 24
59 62
70 71
16 100
76 114
55 91
28 74
136 165
88 125
8 16
11 21
62 72
67 187
27 114
33 45
52 58
51 62
7 172
103 109
54 104
154 191
20 111
112 194
23 116
7 28
188 189
126 128
99 111
118 124
5 67
170 171
14 152
128 174
80 97
121 135
7 149
81 98
54 81
18 158
31 97
32 62
131 184
23 93
43 71
84 109
75 140
35 67
21 169
95 118
52 156
10 159
36 68
76 104
22 133
93 193
86 154
10 15
14 165
101 133
80 110
8 91
27 104
33 35
19 100
11 96
51 52
101 169
14 21
20 101
66 68
84 122
75 153
36 45
33 156
6 22
56 139
97 140
58 69
117 155
50 65
128 164
74 193
7 103
40 51
67 154
80 87
121 125
18 112
32 196
132 134
10 28
82 133
2 24
7 139
48 140
27 117
11 109
12 74
165 167
32 52
91 138
84 99
35 57
87 104
106 117
104 193
10 149
16 80
28 54
168 177
160 173
13 160
97 153
3 146
90 114
36 143
150 165
96 194
101 123
7 116
8 81
134 157
27 94
18 125
5 155
39 68
31 64
83 111
102 124
41 114
112 174
32 65
17 22
2 122
35 70
9 18
122 187
93 160
6 12
58 59
42 51
61 64
7 93
26 106
13 173
18 102
19 67
71 114
10 18
91 92
2 14
83 88
62 65
75 84
8 94
32 42
43 51
84 89
75 120
35 47
21 149
124 125
127 130
46 62
97 107
117 122
62 186
15 74
74 160
66 156
67 121
27 48
13 150
139 140
98 108
82 100
7 106
27 84
172 173
100 154
82 136
75 97
94 110
37 70
164 174
20 166
86 111
23 171
89 116
149 167
55 123
7 83
67 134
12 18
70 139
90 117
23 27
2 4
88 193
1 8
13 19
10 93
16 24
56 60
35 37
74 114
46 52
86 88
23 148
137 170
2 125
9 21
68 70
55 100
20 179
67 111
4 171
90 94
76 159
28 119
60 71
52 67
17 146
75 87
62 117
1 21
19 155
133 177
105 115
37 60
56 73
3 67
14 76
67 88
12 152
126 137
59 84
167 175
38 61
70 93
89 106
136 187
48 74
182 190
41 71
33 67
18 167
152 167
10 83
73 139
74 104
19 168
20 133
93 117
26 27
31 142
37 73
24 103
55 90
67 101
12 165
27 28
19 24
11 20
30 33
63 67
76 149
28 109
14 174
48 87
80 119
60 61
12 21
4 17
7 171
1 11
34 45
133 167
53 58
93 94
54 139
74 117
7 27
126 127
118 123
24 116
89 96
28 86
128 173
8 28
40 60
100 111
9 109
14 187
15 152
7 148
41 61
121 170
33 57
52 70
44 66
122 134
74 94
19 158
20 123
193 194
31 132
23 128
137 150
55 80
96 118
88 114
46 117
76 139
14 164
80 109
100 124
33 34
4 7
89 194
15 165
101 168
81 110
54 93
14 20
27 139
18 170
19 135
20 100
34 35
66 67
71 182
37 40
15 21
67 68
99 100
4 128
24 106
70 73
56 138
55 93
8 18
48 54
11 23
37 161
62 74
7 138
41 51
67 189
27 116
33 47
81 87
19 112
121 160
51 64
3 24
43 60
62 110
103 111
122 124
95 107
74 84
166 167
13 74
31 122
23 118
87 139
47 66
128 140
107 117
3 145
28 89
80 99
121 137
27 93
92 110
38 139
102 123
81 100
54 83
94 119
134 192
19 125
20 90
11 121
165 179
112 173
23 95
43 73
84 111
103 124
35 69
21 171
24 96
16 92
36 70
117 144
29 31
88 117
26 105
97 165
10 17
2 13
62 64
7 128
80 112
121 150
33 37
18 137
20 67
70 184
32 41
123 159
3 14
84 88
75 119
35 46
14 23
95 97
60 139
66 70
84 124
36 47
62 185
76 83
47 56
88 94
74 159
128 130
6 24
76 119
109 153
42 63
129 131
7 105
80 89
67 156
27 83
113 123
18 114
31 53
89 174
82 135
110 117
102 113
94 109
20 80
165 169
12 76
131 176
35 59
87 106
106 119
93 149
38 70
149 166
14 121
168 179
90 116
150 167
61 89
7 118
48 119
27 96
153 172
39 70
31 66
112 140
3 4
75 109
35 36
17 24
2 124
36 37
57 60
122 189
74 149
20 178
12 174
6 14
97 132
3 125
90 93
69 70
42 53
61 66
101 102
7 95
26 108
39 47
30 78
17 145
83 90
75 86
53 67
32 44
131 166
84 91
35 49
116 123
135 136
108 119
20 155
46 64
86 100
38 60
76 86
109 120
14 111
15 76
168 169
67 123
13 152
98 110
50 70
90 106
42 66
39 60
75 99
21 128
19 167
74 139
20 168
26 62
12 164
67 100
38 73
23 173
97 122
84 189
89 118
149 169
42 43
7 85
48 86
67 136
13 165
20 24
12 20
70 141
31 33
28 144
75 76
15 174
1 10
5 160
133 166
13 21
53 57
104 139
64 66
56 62
108 109
54 138
65 67
23 150
137 172
89 95
130 133
109 110
14 101
67 113
4 173
98 100
90 96
42 56
55 138
142 143
41 60
60 73
52 69
131 133
61 154
175 176
1 23
74 93
133 179
53 70
93 106
45 66
31 131
37 62
105 117
137 149
164 166
20 158
67 90
4 150
38 63
97 112
89 108
149 159
55 115
28 98
7 75
48 76
4 6
57 161
15 164
81 109
27 138
33 69
18 169
152 169
30 143
71 181
37 39
10 85
90 194
42 154
15 20
19 170
93 119
5 6
38 40
70 72
8 17
67 103
71 73
28 111
148 176
67 188
60 63
33 46
12 23
4 19
15 177
62 109
7 173
1 13
122 123
34 47
74 83
20 112
133 169
37 52
23 117
122 159
96 107
155 193
87 138
67 80
107 116
86 93
126 129
23 153
24 118
16 114
89 98
130 136
170 172
55 105
28 88
136 179
171 173
22 193
69 125
129 176
7 150
41 63
81 99
121 172
33 59
18 159
44 68
10 75
19 160
20 125
60 161
12 121
31 134
23 130
24 95
16 91
95 155
55 82
11 12
3 157
136 192
14 166
148 166
80 111
121 149
27 105
33 36
4 9
44 45
70 183
91 126
15 167
3 13
101 170
18 172
19 137
20 102
34 37
11 133
66 69
37 42
23 107
123 194
84 123
75 154
36 46
135 168
15 23
96 97
87 128
7 19
88 93
67 70
59 66
136 169
128 165
129 130
74 194
80 88
26 117
100 103
111 112
7 140
81 89
162 163
27 118
18 149
19 114
133 136
165 168
32 53
131 175
51 66
84 100
94 144
122 126
155 160
87 105
12 111
13 76
166 169
104 194
177 178
84 136
16 81
47 68
3 147
15 121
169 179
7 117
80 101
27 95
83 112
62 89
54 85
31 101
32 66
23 97
35 71
21 173
95 122
7 9
13 89
53 125
16 94
136 159
29 33
14 133
40 42
13 174
10 19
150 179
2 15
101 137
62 66
7 130
169 192
32 43
23 74
51 56
83 125
3 16
84 90
35 48
21 150
106 108
12 101
76 85
117 123
135 171
109 119
93 174
98 109
50 69
109 155
42 65
15 111
129 133
7 107
80 91
67 158
27 85
13 187
18 116
107 194
172 174
82 137
101 150
75 98
54 75
94 111
165 171
32 56
84 103
35 61
135 148
87 108
74 138
10 153
149 168
7 84
27 62
13 164
18 93
90 118
150 169
7 120
11 90
13 20
31 68
32 33
91 119
104 138
75 111
35 38
13 56
65 66
137 171
57 62
36 39
68 71
26 74
67 112
4 172
32 154
97 134
98 99
90 95
15 101
61 68
7 97
47 133
26 110
27 75
13 177
11 67
17 147
131 132
82 127
83 92
102 105
75 88
1 22
146 148
133 178
53 69
112 155
32 46
105 116
164 165
35 51
156 161
62 154
46 66
38 62
89 107
149 158
168 171
7 74
26 87
67 125
13 154
86 138
90 108
42 68
101 117
153 164
11 80
31 58
152 168
19 169
125 187
85 114
31 143
38 39
20 170
67 102
12 166
84 191
149 171
42 45
28 110
7 87
148 175
60 62
111 144
31 35
4 18
23 31
1 12
34 46
133 168
13 23
53 59
64 68
37 51
105 106
16 28
62 144
54 140
14 67
38 52
23 152
24 117
57 65
70 84
89 97
97 101
130 135
137 174
138 139
55 104
67 115
70 120
90 98
171 172
47 136
129 175
121 171
41 62
33 58
112 122
123 131
10 74
61 156
19 159
20 124
45 68
85 104
37 64
164 168
54 153
55 81
20 160
13 121
4 152
23 165
89 110
130 148
76 140
55 117
96 155
119 138
4 8
15 166
81 111
1 2
27 140
18 171
34 36
152 171
125 154
37 41
42 156
19 172
7 18
20 137
67 69
12 133
59 65
38 42
137 164
24 107
70 74
41 196
7 54
48 55
100 102
159 188
11 24
82 84
109 187
41 52
52 61
133 135
4 21
115 117
15 179
62 111
122 125
74 85
19 149
20 114
133 171
166 168
31 123
23 119
87 140
60 186
107 118
13 111
126 131
167 169
24 120
64 156
170 174
28 90
80 100
92 111
111 124
101 159
7 152
121 174
54 84
33 61
133 148
44 70
23 96
103 125
21 172
87 117
