72 73
40 148
44 45
32 110
26 39
143 197
11 115
3 22
37 143
40 41
21 37
47 153
11 14
65 189
65 70
71 184
82 120
114 118
132 133
13 72
37 106
44 84
137 138
72 75
18 19
81 142
32 167
18 37
34 140
5 67
14 15
20 86
2 114
30 130
9 10
34 204
170 171
14 88
13 65
114 129
13 74
14 106
114 193
148 161
132 208
47 48
26 199
61 111
7 21
61 175
144 191
8 114
61 129
144 145
5 69
14 17
5 23
51 194
14 99
32 135
26 201
81 82
61 177
124 126
39 85
12 13
34 80
9 188
210 211
84 102
20 44
124 147
14 101
3 165
151 152
44 200
18 71
16 19
30 36
81 139
44 99
19 45
34 128
54 76
51 52
9 117
30 182
32 112
3 195
14 21
20 37
34 146
3 149
26 59
115 116
19 20
187 196
19 84
34 48
23 179
24 144
24 25
117 192
5 112
47 127
3 69
5 66
32 169
40 42
61 74
114 174
114 119
34 105
30 31
132 207
26 198
20 60
144 181
90 91
14 53
23 65
14 62
26 27
47 184
51 166
5 123
147 161
5 68
14 16
14 190
86 87
26 109
14 89
60 196
32 134
47 150
205 206
47 159
54 55
132 209
47 49
3 46
19 106
3 174
156 157
3 183
160 173
5 6
40 147
26 38
14 18
16 37
65 176
97 98
1 2
32 136
44 190
28 29
65 78
93 94
47 106
37 50
5 45
185 186
3 57
14 57
34 127
3 121
71 146
114 144
146 158
9 116
32 111
61 62
13 61
26 58
124 148
8 19
24 189
47 163
19 101
154 155
3 4
137 212
32 168
14 77
95 96
14 141
116 192
1 180
9 11
115 117
19 21
34 159
136 179
34 104
144 162
37 100
14 43
37 45
56 113
3 107
63 64
134 179
20 187
32 33
5 122
86 196
124 125
26 99
34 79
26 108
161 162
27 137
61 203
45 51
102 103
14 45
3 164
20 61
30 160
15 19
114 141
38 85
26 202
81 83
43 44
158 184
81 92
32 172
144 148
8 71
14 20
34 35
14 84
23 32
21 44
63 178
2 137
158 159
26 131
7 8
