110 2
26 30
160 119
197 168
102 7
100 74
55 84
118 122
207 209
218 209
8 9
163 121
170 169
238 215
129 128
21 37
63 52
148 150
129 155
192 193
112 93
141 129
204 167
213 234
105 54
141 138
125 121
144 134
2 41
204 185
10 54
173 170
144 143
225 217
14 15
225 208
109 33
133 152
173 188
217 222
173 197
12 100
137 122
174 171
3 42
226 209
166 167
35 74
70 41
214 216
15 16
35 92
107 108
70 68
48 31
63 29
5 69
148 127
168 194
48 49
30 13
49 103
11 9
75 12
129 132
192 170
148 145
218 222
210 209
129 141
203 179
33 15
58 99
240 219
224 220
25 20
203 197
73 69
184 193
81 82
213 229
141 133
172 200
54 74
233 216
34 16
125 134
22 23
233 234
143 151
158 149
89 40
155 162
198 194
101 14
166 171
229 209
136 139
48 26
71 28
194 198
9 53
207 208
82 46
94 11
139 162
77 89
21 36
129 127
151 127
168 198
169 172
200 187
192 183
221 219
72 1
30 84
105 35
221 228
62 64
33 28
81 77
184 188
152 128
232 237
97 12
2 40
196 171
173 169
233 220
225 216
93 69
59 13
106 97
217 221
214 215
159 127
179 194
128 121
228 217
63 19
102 10
104 29
77 75
41 9
129 131
151 131
121 127
132 127
69 98
81 63
121 136
33 23
184 183
224 219
19 97
116 48
202 191
22 4
74 42
43 36
22 13
24 32
43 45
67 12
3 9
158 121
225 220
14 18
135 137
127 133
158 157
107 84
55 46
136 120
76 78
82 9
159 131
57 74
198 202
227 229
136 138
5 45
40 12
120 121
139 134
209 208
220 208
168 179
180 181
209 217
57 101
148 121
139 152
209 226
220 217
200 168
80 75
98 111
168 197
220 226
240 213
104 51
153 154
108 12
171 199
73 54
165 128
93 32
31 48
62 63
224 223
73 72
109 4
202 195
183 191
194 200
87 74
84 87
124 123
235 219
72 103
55 32
206 192
87 101
100 31
227 224
46 60
216 233
68 69
99 84
100 49
199 171
128 129
228 216
46 87
29 16
98 97
209 221
220 221
27 55
38 101
101 102
140 121
151 121
169 166
73 40
85 5
161 162
162 127
171 194
74 14
172 171
213 209
102 94
91 94
146 128
183 186
231 235
84 73
165 159
183 195
87 69
175 191
43 44
89 11
12 75
183 204
215 236
158 129
135 136
158 138
227 210
127 132
216 210
17 19
46 55
101 3
100 35
198 192
227 228
179 188
235 241
179 197
38 69
228 211
201 194
38 78
228 220
115 23
220 216
79 97
62 26
39 24
30 55
150 148
182 189
85 9
172 166
54 40
60 74
29 105
74 18
211 234
2 11
202 185
13 17
10 91
55 4
24 35
76 36
215 231
76 45
100 12
45 76
68 41
53 89
208 210
9 10
22 92
216 223
92 35
130 138
58 42
161 125
209 211
142 121
73 12
27 54
119 128
234 213
150 152
219 224
20 24
153 148
182 184
190 197
134 144
162 126
106 36
74 13
66 9
234 240
123 125
202 189
223 221
16 17
175 190
158 119
215 226
124 126
235 213
53 84
47 13
25 111
14 74
127 131
28 18
149 128
138 128
78 86
197 177
3 101
104 4
49 68
79 69
161 120
30 27
170 187
197 195
39 5
98 91
19 36
101 87
142 125
219 210
82 83
219 228
19 63
112 102
153 152
162 121
182 188
29 104
41 69
123 120
43 11
131 133
75 80
1 5
194 171
218 213
75 89
13 16
175 176
196 199
56 57
135 121
109 69
157 127
160 123
92 16
157 136
208 209
229 241
167 168
80 23
89 90
112 3
138 141
19 13
27 26
110 42
238 237
81 15
210 227
119 127
200 201
211 210
20 23
60 59
4 6
182 183
134 143
12 28
53 29
32 6
72 42
231 215
123 124
223 211
144 156
196 194
175 171
223 220
137 126
174 175
164 152
193 188
185 193
26 29
49 31
5 6
69 9
227 208
78 76
229 227
68 53
149 127
186 176
118 121
160 136
36 79
55 92
178 181
218 217
19 17
67 103
17 84
63 51
47 97
130 141
201 192
5 91
148 149
197 194
71 73
11 40
95 21
44 46
40 94
211 223
204 184
211 232
41 68
233 229
44 64
1 4
37 25
109 41
196 198
45 47
226 208
3 41
10 89
145 143
226 217
113 29
26 33
79 36
229 231
197 171
178 167
67 89
27 16
55 87
207 212
19 12
8 12
83 15
27 25
18 56
218 221
210 208
230 232
60 31
83 42
119 126
211 209
204 170
95 25
132 163
34 15
65 11
85 78
214 210
166 170
229 208
226 221
137 143
18 15
26 28
67 66
89 75
160 126
118 120
199 194
167 171
36 78
83 10
17 74
94 10
178 180
48 52
71 54
19 16
11 12
163 128
170 185
210 221
29 57
140 144
163 146
41 31
192 191
69 111
25 23
141 127
44 36
95 20
232 236
116 52
233 210
125 119
45 10
144 132
2 39
25 41
204 183
22 17
236 215
37 15
152 154
109 31
164 128
155 147
86 38
196 197
65 15
217 220
156 133
49 16
24 81
185 187
15 23
97 74
24 90
26 32
160 121
47 64
48 29
71 40
29 34
207 211
8 11
129 121
230 213
140 130
151 130
5 85
58 88
75 19
121 126
151 139
163 132
203 168
200 199
92 108
240 235
192 195
232 231
93 45
87 11
172 198
144 127
117 21
56 14
225 210
125 132
34 23
109 26
116 74
14 17
109 35
225 228
155 151
236 237
156 128
186 195
78 38
23 102
214 209
16 63
23 111
159 121
98 25
166 169
15 18
107 92
226 220
18 14
59 61
128 133
207 213
118 119
17 64
139 151
21 25
170 166
218 215
48 51
60 16
210 211
132 121
169 170
210 220
221 208
69 101
58 110
184 186
169 197
73 71
33 35
30 100
184 195
39 78
213 240
117 25
125 127
56 18
22 16
97 19
37 23
217 219
236 232
67 42
47 36
198 196
15 13
107 87
166 173
36 45
214 213
40 15
36 63
29 15
128 146
5 66
168 200
192 167
21 38
115 54
140 138
151 147
240 234
224 226
85 40
202 198
146 145
117 20
233 213
225 209
2 42
67 10
22 20
24 39
206 177
59 15
84 99
155 150
79 11
24 75
235 240
136 127
228 210
128 132
38 77
228 219
91 3
128 141
239 237
41 2
60 15
150 156
121 120
108 10
104 58
58 91
121 129
2 10
221 225
224 221
202 184
74 35
30 99
94 102
23 51
202 193
173 166
231 238
66 40
89 5
155 127
86 18
165 162
43 47
3 11
103 98
32 47
70 10
4 74
198 168
217 209
217 218
47 17
99 55
176 177
17 13
235 226
198 186
143 161
99 73
28 31
179 200
128 127
63 16
220 210
199 187
120 132
40 23
81 24
29 23
113 93
239 232
77 81
150 151
153 147
169 173
205 194
10 9
91 83
172 169
93 25
31 41
221 220
232 220
43 15
89 50
103 75
109 6
183 184
231 233
86 13
72 78
89 9
124 125
96 54
158 127
127 121
47 12
216 208
127 130
117 95
179 168
176 190
157 149
38 58
136 126
157 158
228 209
28 44
80 45
40 9
9 40
15 74
112 25
120 118
120 127
168 167
62 15
120 136
104 30
168 185
21 23
142 133
153 133
116 4
150 155
93 11
182 187
205 198
73 51
51 14
66 12
202 183
13 15
32 28
4 46
223 224
231 237
35 33
43 46
53 78
70 9
235 216
127 125
47 16
198 176
28 12
68 57
92 24
136 121
138 140
67 98
201 187
69 40
186 198
112 20
46 84
167 194
220 209
18 74
98 94
54 15
142 137
20 22
131 118
93 24
131 127
31 49
4 32
223 210
13 19
231 232
16 15
23 63
183 192
145 147
59 4
108 107
87 84
127 129
9 3
111 23
17 16
227 216
49 48
216 225
186 184
113 60
68 70
86 106
138 144
130 140
186 193
228 208
238 231
201 200
150 127
71 72
161 127
209 213
39 12
54 10
142 132
134 128
94 55
219 226
182 186
103 42
205 197
114 51
72 45
211 240
114 60
1 3
83 91
23 40
13 14
175 174
194 187
87 61
175 183
106 74
16 19
193 191
74 100
57 29
215 237
3 67
28 11
5 9
69 12
138 121
238 232
138 130
208 216
78 88
208 225
230 231
115 15
170 189
190 167
110 58
94 41
119 125
142 127
190 176
82 85
211 208
219 221
134 132
20 21
54 23
211 217
190 194
234 219
152 149
32 4
29 106
43 13
96 16
133 154
1 7
44 76
13 18
35 18
72 67
145 128
53 63
193 186
145 146
185 182
193 195
137 142
127 119
185 191
26 27
45 77
86 78
5 4
15 54
101 57
178 179
55 99
149 152
102 40
161 126
170 193
27 46
39 11
28 100
170 202
119 129
171 167
134 127
20 25
182 185
103 41
141 144
131 121
144 140
231 208
84 46
194 168
1 2
123 126
45 36
108 74
105 87
223 213
145 132
156 132
108 92
86 55
145 141
174 177
49 15
45 63
185 186
226 224
229 220
185 195
26 31
35 98
92 13
14 75
157 133
138 129
78 87
207 210
8 10
197 187
186 187
11 15
161 121
170 188
148 151
163 149
94 40
92 107
82 84
192 194
203 194
219 220
141 130
211 216
44 48
75 63
96 15
133 153
1 6
223 208
164 131
145 127
65 18
156 127
215 213
57 14
38 10
56 58
166 168
193 185
37 54
226 219
77 10
59 60
157 128
160 124
80 15
79 47
36 76
8 5
167 178
230 216
48 50
100 97
101 74
60 33
192 189
31 6
171 166
40 73
63 75
75 40
203 198
33 34
12 11
144 130
196 168
22 15
196 177
233 235
34 35
236 231
65 13
66 67
137 118
31 109
37 40
38 5
137 127
174 167
174 176
15 12
166 172
86 63
32 92
