15 21
26 21
18 17
7 17
15 30
26 30
18 26
7 26
27 13
8 9
8 18
30 18
11 14
11 23
22 10
3 6
22 19
3 15
22 28
3 24
15 7
26 7
18 3
7 3
15 16
26 16
18 12
7 12
15 25
26 25
18 21
7 21
18 30
7 30
29 27
30 13
10 22
10 31
2 27
25 29
22 5
3 1
14 1
22 14
3 10
22 23
3 19
14 19
22 32
3 28
15 2
26 2
15 11
26 11
18 7
26 20
18 16
7 16
29 13
29 22
21 18
6 29
29 31
21 27
10 8
10 17
2 13
10 26
2 22
2 31
22 9
3 5
22 18
3 14
22 27
3 23
14 23
15 6
17 25
26 6
18 2
7 2
28 25
18 11
9 30
7 11
29 8
6 15
29 17
21 13
6 24
29 26
21 22
21 31
10 3
25 1
10 12
2 8
10 21
2 17
25 19
10 30
2 26
25 28
22 4
22 13
3 9
3 18
26 1
17 20
28 20
17 29
28 29
9 25
29 3
6 10
29 12
21 8
6 19
29 21
21 17
6 28
29 30
21 26
2 3
10 16
25 14
2 21
22 8
13 27
3 4
17 6
17 15
28 15
9 11
17 24
28 24
9 20
9 29
6 5
29 7
21 3
6 14
29 16
21 12
6 23
29 25
21 30
10 2
10 11
2 7
2 16
24 13
13 22
24 22
16 18
24 31
16 27
17 1
28 1
17 10
28 10
9 6
17 19
28 19
9 15
17 28
9 24
29 2
6 9
29 11
21 7
6 18
21 16
20 29
31 29
10 6
12 25
23 25
2 11
13 8
24 8
13 17
24 17
16 13
13 26
24 26
5 3
17 5
28 5
17 14
28 14
9 10
28 23
9 19
9 28
6 4
29 6
21 2
6 13
20 15
31 15
20 24
31 24
12 20
23 20
12 29
23 29
4 25
13 3
24 3
13 12
24 12
16 8
13 21
16 17
13 30
24 30
16 26
5 7
17 9
28 9
28 18
9 14
27 31
8 27
19 27
30 27
20 1
31 1
20 10
31 10
12 6
20 19
31 19
12 15
23 15
20 28
31 28
12 24
1 5
13 7
16 3
13 16
24 16
16 12
16 21
16 30
17 4
8 13
27 26
8 22
30 22
11 18
19 31
11 27
20 5
31 5
20 14
31 14
20 23
31 23
12 19
23 19
20 32
13 2
24 2
13 11
16 7
15 20
15 29
26 29
18 25
7 25
30 8
8 17
11 13
8 26
19 26
30 26
11 22
11 31
20 9
31 9
12 5
20 18
4 1
31 18
23 14
12 23
4 19
1 4
24 6
16 2
3 32
26 15
15 24
26 24
18 20
7 20
18 29
7 29
27 7
8 3
30 3
27 16
8 12
30 12
27 25
8 21
19 21
30 21
11 17
8 30
11 26
31 4
20 13
31 13
12 9
4 5
4 14
22 31
3 27
14 27
15 10
26 10
18 6
7 6
15 19
26 19
18 15
7 15
15 28
26 28
27 11
8 7
19 7
27 20
11 3
30 7
8 16
19 16
30 16
30 25
11 21
11 30
25 23
22 17
3 13
14 13
22 26
3 22
14 22
3 31
15 5
26 5
7 1
15 14
26 14
18 10
7 10
15 23
26 23
18 19
7 19
15 32
26 32
18 28
7 28
27 6
8 2
8 11
19 11
10 20
25 18
10 29
2 25
25 27
22 3
22 12
3 8
22 21
3 17
22 30
3 26
14 26
15 9
26 9
7 5
15 18
26 18
18 14
7 14
18 23
7 23
27 1
29 20
6 27
30 6
21 25
11 2
10 15
25 13
10 24
2 20
25 22
2 29
25 31
22 7
14 3
22 16
3 12
22 25
3 21
3 30
26 4
15 13
26 13
18 9
7 9
29 15
21 11
6 22
29 24
21 20
6 31
21 29
2 6
25 8
10 19
25 17
10 28
2 24
25 26
22 2
22 11
3 7
14 7
22 20
3 16
14 16
3 25
14 25
17 18
17 27
28 27
7 4
9 23
26 12
6 8
29 10
21 6
6 17
29 19
6 26
29 28
21 24
25 3
10 14
2 10
25 12
10 23
2 19
25 21
2 28
22 6
13 25
3 2
3 11
17 13
28 13
17 22
28 22
9 18
17 31
28 31
9 27
6 3
29 5
21 1
6 12
29 14
21 10
6 21
29 23
21 19
6 30
21 28
10 9
25 7
10 18
25 16
2 23
22 1
13 20
24 20
13 29
24 29
16 25
17 8
28 8
28 17
9 13
17 26
28 26
9 22
9 31
6 7
29 9
21 5
6 16
29 18
21 14
6 25
21 23
20 27
31 27
10 13
23 32
2 9
13 6
13 15
24 15
16 11
13 24
16 20
16 29
5 1
17 3
28 3
17 12
28 12
9 8
5 19
17 21
28 21
9 17
17 30
28 30
9 26
6 2
29 4
6 11
21 9
6 20
20 22
31 22
12 18
20 31
12 27
23 27
4 23
13 1
24 1
13 10
24 10
13 19
13 28
17 7
28 7
9 3
5 14
17 16
28 16
9 12
9 21
27 29
8 25
21 4
20 8
31 8
20 17
31 17
12 13
23 13
20 26
31 26
12 22
23 22
12 31
23 31
1 3
13 5
16 1
13 14
24 14
16 10
13 23
24 23
16 19
16 28
17 2
28 2
17 11
28 11
9 7
9 16
27 15
8 20
30 20
8 29
19 29
30 29
20 3
31 3
20 12
31 12
12 8
20 21
31 21
12 17
20 30
4 13
31 30
12 26
23 26
4 31
1 7
24 9
13 18
24 18
16 14
16 23
15 27
26 27
5 4
9 2
8 6
27 19
8 15
27 28
8 24
11 20
11 29
20 7
31 7
12 3
23 3
20 16
31 16
20 25
31 25
12 21
23 21
12 30
1 2
16 9
15 22
26 22
7 18
15 31
26 31
18 27
7 27
27 5
8 1
27 14
8 10
27 23
11 6
8 19
27 32
11 15
8 28
19 28
30 28
20 2
31 2
20 11
31 11
12 7
31 20
4 3
12 16
23 16
4 21
22 29
1 6
15 8
26 8
15 17
26 17
18 13
7 13
15 26
18 22
7 22
7 31
27 9
8 14
11 10
8 23
19 23
30 23
11 19
11 28
20 6
31 6
12 2
23 2
23 11
4 7
22 15
22 24
3 20
3 29
15 3
26 3
15 12
18 8
