86 72
78 68
70 64
42 2
83 3
28 67
29 32
94 12
40 41
60 19
58 95
84 4
29 68
75 35
21 64
40 77
41 42
33 38
44 47
45 12
3 15
14 24
74 75
85 84
46 13
86 49
79 10
15 25
30 4
71 42
91 20
83 16
75 12
21 41
94 25
40 54
33 15
25 11
64 2
54 74
14 1
34 16
74 52
25 47
93 65
32 55
43 64
3 28
68 8
14 37
15 2
96 76
78 58
79 23
90 32
36 61
9 44
48 35
21 18
94 2
11 4
44 1
10 8
21 54
62 55
54 51
25 24
93 42
44 37
85 38
43 41
3 5
74 65
67 26
86 39
59 22
78 35
51 81
70 31
43 77
16 60
82 5
7 11
40 8
38 84
77 75
83 6
29 35
75 2
21 31
94 15
73 41
33 5
25 1
93 19
44 14
91 95
62 68
74 42
86 16
31 80
78 12
3 18
36 15
34 91
59 35
5 27
79 13
70 44
16 73
90 22
36 51
28 47
29 12
48 25
21 8
40 21
58 75
54 41
33 18
74 19
32 22
51 35
43 31
84 69
22 8
14 4
87 74
59 12
78 25
70 21
9 11
28 24
68 60
48 2
65 91
38 74
58 52
77 65
61 57
62 22
81 35
18 95
44 4
85 5
30 69
11 56
10 11
83 81
85 41
86 6
32 35
78 2
23 66
43 44
16 27
84 82
28 1
88 52
59 25
58 29
76 77
77 42
28 37
68 73
29 2
15 67
7 63
81 12
27 41
18 72
58 65
62 35
60 74
11 69
30 82
31 47
83 94
43 21
96 33
67 6
13 35
4 66
17 5
36 18
9 1
77 19
46 68
38 64
58 42
49 73
90 74
15 80
61 47
54 8
30 59
31 24
91 75
23 20
51 2
83 71
94 80
96 10
13 12
32 25
23 56
84 72
47 4
86 81
38 41
57 54
58 19
9 14
77 32
68 63
15 57
61 24
7 53
81 2
19 27
31 1
90 87
91 52
60 64
85 8
32 2
4 20
83 84
43 11
96 23
87 54
88 19
85 93
65 35
3 60
28 4
14 69
61 1
67 81
46 58
62 2
7 66
18 75
79 91
21 86
95 35
13 2
25 56
44 69
65 12
76 21
68 17
34 61
46 35
78 67
3 73
68 53
14 82
15 47
26 56
11 13
30 26
83 38
48 80
21 63
95 12
94 47
87 8
10 53
43 1
96 13
1 4
33 73
25 69
85 83
46 12
38 8
10 89
43 86
14 59
15 24
7 20
70 76
90 54
91 19
83 15
7 56
5 95
39 8
31 4
84 16
94 60
40 89
34 15
44 59
65 2
10 66
37 20
3 27
76 11
68 7
14 36
15 1
34 51
85 96
46 25
18 6
37 56
38 21
3 63
69 8
82 27
15 37
27 11
18 42
59 80
5 72
30 16
83 28
94 37
95 2
33 27
25 23
96 3
14 13
93 77
46 2
78 34
3 40
43 76
68 20
7 10
67 61
86 74
18 19
79 35
16 95
83 5
28 69
41 8
44 13
84 6
10 20
21 66
87 11
33 40
74 41
45 14
64 27
3 17
85 86
38 11
78 47
79 12
70 43
71 8
16 72
7 23
30 6
58 74
9 69
83 18
77 87
29 47
28 82
94 27
40 56
33 17
25 13
64 4
34 18
37 23
4 75
57 1
70 20
43 66
36 27
15 4
1 69
59 47
79 25
70 56
90 34
36 63
9 46
68 95
29 24
47 72
60 11
5 75
58 87
62 57
87 1
33 30
73 66
25 26
93 44
45 4
86 5
31 69
3 7
84 81
22 20
54 89
14 16
86 41
59 24
78 37
79 2
17 27
90 11
29 1
40 10
38 86
58 64
83 8
29 37
62 34
33 7
52 20
19 72
93 21
44 16
85 17
30 81
10 23
83 93
67 5
86 18
78 14
70 10
36 17
96 68
28 13
46 67
71 11
16 75
58 41
49 72
28 49
15 79
21 10
40 23
60 1
58 77
32 24
4 42
14 6
67 18
78 27
36 30
9 13
77 31
28 26
76 66
14 91
5 42
46 80
57 89
21 23
61 59
62 24
27 66
93 11
44 6
85 7
10 13
43 10
54 56
86 8
44 91
78 4
64 69
43 46
87 89
5 19
58 31
3 95
68 75
29 4
15 69
7 65
18 74
83 60
62 37
8 66
94 69
74 11
19 75
31 49
51 27
43 23
16 6
96 35
25 91
59 4
16 42
36 20
3 72
28 16
68 52
14 81
38 66
82 72
15 82
62 14
81 27
54 10
93 1
30 61
31 26
83 73
94 82
96 12
60 89
33 72
32 27
45 46
44 81
16 19
47 6
14 58
46 47
78 79
58 21
9 16
68 65
14 94
15 59
61 26
7 55
81 4
90 89
8 56
54 23
94 59
74 1
60 66
6 95
44 58
23 35
10 65
43 13
96 25
87 56
25 81
44 94
64 72
38 20
77 11
68 42
14 71
18 41
90 66
61 39
62 4
28 91
73 13
19 42
6 72
30 51
83 63
94 72
41 66
34 27
93 76
4 35
46 1
37 32
3 39
22 52
68 19
34 63
67 60
86 73
37 68
78 69
58 11
27 23
82 75
83 40
84 5
29 69
21 65
87 10
33 39
4 12
96 15
1 6
25 71
46 14
65 27
38 10
3 52
77 1
49 19
68 32
14 61
15 26
7 22
26 35
59 69
78 82
79 47
70 78
30 5
90 56
17 72
82 52
28 81
31 6
84 18
41 56
87 23
33 52
34 17
93 66
31 91
65 4
56 35
76 13
3 29
14 38
74 89
86 63
18 8
78 59
38 23
58 1
90 33
15 39
7 35
27 13
60 10
79 60
30 18
58 86
9 81
83 30
28 94
29 59
82 65
94 39
40 68
81 69
33 29
44 38
4 2
3 6
22 19
14 15
34 30
74 66
20 95
67 27
85 75
46 4
37 35
32 69
3 42
90 10
15 16
1 81
7 12
67 63
78 72
70 68
91 11
9 58
83 7
28 71
48 49
21 32
94 16
33 6
52 19
44 15
84 8
21 68
62 69
34 7
20 72
44 51
45 16
86 17
31 81
3 19
14 28
86 53
78 49
70 45
43 91
16 74
17 39
90 23
36 52
82 19
28 48
29 13
40 22
58 76
33 19
85 29
64 6
10 35
14 5
74 56
93 69
85 65
32 59
51 72
43 68
16 51
36 29
15 6
28 25
1 71
7 2
96 80
18 11
5 41
17 52
28 61
29 26
15 91
21 22
40 35
60 13
6 42
44 5
58 89
10 12
62 59
81 72
85 42
86 7
78 3
14 18
96 57
87 88
59 26
32 72
78 39
79 4
65 69
70 35
68 74
58 66
69 75
75 6
21 35
62 36
41 13
25 5
20 39
44 18
85 19
51 26
20 75
67 7
86 20
32 49
78 16
64 81
70 12
43 58
16 41
17 6
36 19
28 15
88 66
46 69
38 65
17 42
9 38
29 16
15 81
21 12
40 25
30 60
10 2
94 81
74 23
85 32
32 26
51 39
43 35
16 18
84 73
67 20
5 8
70 25
17 19
57 55
36 32
76 68
9 15
3 84
68 64
40 2
46 82
62 26
81 39
54 22
73 35
93 13
39 42
43 12
87 55
33 84
32 39
78 6
64 71
70 2
16 31
68 41
28 5
88 56
86 95
65 72
58 33
49 64
29 6
69 42
15 71
21 2
62 3
19 41
91 66
62 39
74 13
20 42
32 16
43 25
16 8
84 63
87 68
58 10
3 74
9 5
77 23
28 18
68 54
59 91
38 68
79 69
30 27
61 51
7 80
93 3
30 63
83 75
43 2
94 84
96 14
1 5
33 74
34 39
76 35
3 51
68 31
14 60
67 72
5 11
46 49
78 81
58 23
3 87
90 55
15 61
81 6
27 35
73 2
18 66
79 82
31 5
91 56
29 81
94 61
21 77
87 22
33 51
44 60
76 12
96 27
88 23
33 87
34 52
46 26
37 57
3 64
77 13
14 73
27 12
59 81
19 8
78 94
30 17
90 68
82 64
83 29
62 6
8 35
48 71
31 18
83 65
96 4
34 29
44 73
85 74
46 3
3 41
49 8
86 75
46 39
38 35
58 13
36 74
82 41
15 51
7 47
8 12
18 56
79 72
84 7
87 12
45 15
14 27
34 42
25 73
46 16
86 52
38 12
14 63
7 24
27 2
59 71
78 84
30 7
17 74
36 87
83 19
60 35
44 27
23 4
64 5
84 20
21 80
33 54
34 19
93 68
44 63
45 28
85 64
64 41
37 24
65 6
3 31
76 15
68 11
14 40
15 5
74 91
7 1
86 65
18 10
17 51
90 35
28 60
8 2
94 5
40 34
19 11
60 12
52 8
83 32
41 35
33 31
25 27
45 5
10 47
3 8
93 81
85 77
46 6
86 42
32 71
78 38
38 2
3 44
16 63
43 80
90 12
36 41
82 8
15 18
48 15
67 65
18 23
46 91
71 35
91 13
28 73
40 47
41 12
33 8
25 4
44 17
62 71
93 58
86 19
78 15
3 21
68 1
96 69
67 42
79 16
65 81
17 41
36 54
29 15
21 11
40 24
60 2
5 66
9 73
10 1
21 47
62 48
33 21
25 17
93 35
44 30
30 95
64 8
62 84
14 7
67 19
78 28
17 18
36 31
28 27
1 73
7 4
46 81
38 77
58 55
77 68
21 24
94 8
40 37
41 2
61 60
93 12
44 7
58 91
30 72
62 61
74 35
11 95
85 44
31 73
4 56
78 5
23 69
70 1
43 47
3 11
36 8
79 6
37 89
65 71
16 66
90 15
76 80
82 11
29 5
88 91
46 94
58 68
74 12
93 25
11 72
85 21
43 24
1 27
4 69
32 51
78 18
70 14
17 8
36 21
9 4
96 72
28 17
46 71
68 89
29 18
62 15
31 27
10 4
83 74
62 51
54 47
31 63
43 37
16 20
84 75
34 74
59 18
46 48
92 15
3 86
77 35
28 30
68 66
14 95
15 60
40 4
26 69
46 84
18 65
38 80
79 81
30 39
61 63
81 41
54 24
74 2
19 66
93 15
85 11
32 5
43 14
84 52
87 57
25 82
44 95
78 8
64 73
70 4
77 12
28 7
14 72
34 87
5 23
78 93
58 35
68 79
15 73
21 4
62 5
7 69
20 8
11 39
30 52
31 17
23 13
83 64
11 75
44 72
43 27
16 10
84 65
88 35
25 95
46 38
65 51
17 11
58 12
3 76
77 25
68 56
15 50
61 17
19 20
83 41
7 82
4 13
23 26
51 8
83 77
43 4
84 42
87 47
34 41
25 72
46 15
15 27
67 74
5 13
38 47
78 83
58 25
3 89
90 57
15 63
7 59
81 8
48 60
73 4
84 19
87 24
65 5
10 69
68 10
1 20
14 39
33 89
34 54
46 28
86 64
65 41
78 60
37 59
58 2
3 66
14 75
61 7
78 96
11 6
30 19
91 35
82 66
29 60
48 73
21 56
40 69
60 47
11 42
31 20
84 32
96 6
88 2
33 66
44 75
85 76
46 5
38 1
10 82
22 56
68 23
14 52
15 17
7 13
67 64
78 73
91 12
28 72
7 49
94 17
19 23
30 32
83 44
21 69
34 8
52 56
44 52
37 13
3 20
76 4
14 29
67 41
46 18
86 54
70 46
3 56
90 24
15 30
1 95
26 39
27 4
67 77
18 35
36 89
9 72
83 21
82 56
94 30
40 59
33 20
6 66
44 29
22 10
33 56
34 21
25 52
85 66
86 31
65 8
37 26
43 69
3 33
68 13
14 42
15 7
1 72
18 12
78 63
90 37
91 2
29 27
94 7
40 36
9 85
21 59
62 60
73 69
44 42
85 43
31 72
10 49
3 10
22 23
14 19
67 31
85 79
32 73
38 4
78 40
79 5
43 82
16 65
90 14
7 16
46 93
58 67
83 11
28 75
61 72
40 49
60 27
33 10
6 56
52 23
25 6
44 19
54 69
74 47
25 42
93 60
67 8
12 72
78 17
70 13
3 23
14 32
96 71
18 2
79 18
70 49
90 27
36 56
29 17
21 13
40 26
60 4
58 80
42 72
33 23
25 19
84 74
43 36
67 21
59 17
32 63
70 26
43 72
17 20
76 69
96 84
28 29
1 75
48 7
46 83
17 56
58 57
83 1
29 30
69 66
15 95
7 91
41 4
27 69
52 13
93 14
85 10
30 74
83 86
62 63
54 59
73 72
20 66
85 46
86 11
78 7
43 49
36 10
28 6
46 60
79 8
65 73
71 4
37 91
82 13
29 7
15 72
62 40
39 56
85 23
30 87
32 17
84 64
75 95
96 38
67 11
45 72
78 20
17 10
36 23
9 6
77 24
28 19
1 65
14 84
5 35
46 73
38 69
68 91
69 56
21 16
61 52
62 17
7 81
93 4
10 6
83 76
43 3
84 41
75 72
54 49
74 27
31 65
44 84
10 91
43 39
84 77
1 42
5 12
17 23
76 72
40 6
38 82
30 41
62 30
54 26
27 72
40 91
74 4
73 39
60 69
93 17
85 13
31 42
32 7
51 20
43 16
96 28
87 59
1 19
67 1
46 27
16 35
3 65
14 74
34 89
67 86
46 63
78 95
70 91
15 75
62 7
81 20
11 41
30 54
31 19
83 66
29 95
21 91
94 75
96 5
41 69
60 82
33 65
12 42
32 20
44 74
10 81
16 12
96 41
5 2
46 40
77 27
14 87
15 52
61 19
27 26
30 31
71 69
62 20
29 72
94 52
43 6
35 2
25 74
46 17
64 65
38 13
57 26
77 4
68 35
14 64
7 25
58 27
30 8
90 59
28 84
61 32
94 29
73 6
19 35
39 13
82 91
84 21
94 65
21 81
40 94
87 26
60 72
33 55
34 20
44 64
16 2
3 32
68 12
14 41
34 56
86 66
37 61
78 62
57 39
58 4
3 68
49 35
90 36
69 13
14 77
15 42
18 47
19 12
11 8
9 84
94 42
20 13
33 32
44 41
64 19
96 8
87 39
54 91
33 68
74 69
85 78
46 7
65 20
43 81
76 29
68 25
15 19
67 66
13 95
78 75
70 71
17 65
83 10
28 74
94 19
84 11
29 75
73 81
34 10
25 41
76 6
68 2
14 31
85 91
13 72
59 39
18 1
38 16
79 17
46 20
70 48
90 26
15 32
27 6
59 75
19 2
91 27
9 74
83 23
48 65
40 61
33 22
25 18
44 31
14 8
34 23
93 72
45 32
85 68
78 29
3 35
43 71
96 83
7 5
59 52
78 65
65 95
90 39
91 4
36 68
82 35
77 69
28 64
21 25
40 38
44 8
81 75
87 6
41 39
33 35
86 10
31 74
10 51
51 52
3 12
84 86
14 21
74 72
32 75
78 42
43 84
82 12
28 41
48 19
40 15
46 95
58 69
77 82
83 13
29 42
61 74
40 51
25 8
67 10
85 58
86 23
59 6
32 52
78 19
70 15
3 25
36 22
96 73
13 75
18 4
46 72
79 20
9 41
28 54
29 19
15 84
60 6
6 35
58 82
10 5
61 87
62 52
74 26
85 35
43 38
3 2
14 11
1 41
47 8
32 65
45 84
78 32
70 28
17 22
36 35
82 2
28 31
40 5
6 12
38 81
77 72
41 6
81 42
33 2
93 16
44 11
85 12
31 41
51 19
43 15
74 39
86 13
96 63
28 8
46 62
65 75
17 35
57 71
76 84
9 31
68 80
15 74
21 5
61 41
40 18
81 19
79 95
58 72
71 91
91 69
62 42
94 74
60 81
93 29
85 25
13 6
30 89
32 19
43 28
16 11
84 66
67 13
13 42
70 18
16 47
36 25
9 8
77 26
28 21
3 77
14 86
46 75
6 2
38 71
58 49
15 87
61 54
62 19
93 6
85 2
30 66
43 5
94 87
1 8
44 86
76 38
47 11
46 52
76 74
77 39
69 35
15 64
7 60
73 5
18 69
31 8
90 94
62 32
29 84
94 64
74 6
20 35
60 71
11 66
85 15
83 91
43 18
16 1
88 26
34 55
46 29
65 42
38 25
3 67
77 16
68 47
69 12
14 76
15 41
61 8
28 11
46 65
58 39
30 20
90 71
15 77
7 73
48 74
94 41
18 82
20 12
30 56
91 72
83 68
94 77
95 42
96 7
34 32
25 63
44 76
65 19
68 24
88 39
34 68
5 4
46 42
78 74
57 51
58 16
3 80
49 47
15 54
7 50
39 2
11 20
90 84
84 10
29 74
94 54
72 35
43 8
76 5
96 20
1 11
87 51
74 81
46 19
38 15
43 93
77 6
69 2
14 66
15 31
7 27
86 91
59 74
70 83
30 10
90 61
28 86
48 64
73 8
40 60
20 2
31 11
83 58
84 23
33 57
34 22
44 66
10 73
16 4
15 8
46 32
86 68
59 51
38 28
78 64
18 13
58 6
67 91
79 65
30 23
91 39
9 86
83 35
29 64
48 77
21 60
40 73
33 34
10 50
14 20
34 35
25 66
93 84
85 80
78 41
38 5
43 83
3 47
68 27
14 56
15 21
7 17
67 68
78 77
70 73
90 51
9 63
83 12
82 47
29 41
44 20
72 2
10 27
84 13
21 73
62 74
33 47
44 56
37 17
3 24
43 60
76 8
68 4
14 33
38 18
79 19
78 54
43 96
27 8
40 27
19 4
60 5
5 69
30 13
58 81
83 25
40 63
60 41
33 24
25 20
93 38
64 11
3 1
62 87
14 10
93 74
86 35
37 30
78 31
43 73
36 34
15 11
26 20
90 41
91 6
77 71
28 66
21 27
94 11
60 18
33 1
44 10
58 94
33 37
45 11
85 47
86 12
23 72
3 14
22 27
14 23
67 35
78 44
16 69
29 8
40 17
58 71
52 27
25 10
85 24
30 88
74 51
67 12
85 60
86 25
59 8
4 72
78 21
32 54
43 63
36 24
28 20
1 66
46 74
17 47
9 43
77 61
29 21
15 86
40 30
60 8
18 91
52 4
93 5
58 84
30 65
91 81
61 89
62 54
94 86
93 41
86 2
31 66
3 4
43 40
96 52
67 25
17 24
90 8
36 37
82 4
9 20
68 69
46 87
77 74
54 27
33 4
74 5
19 69
93 18
85 14
32 8
23 39
43 17
67 2
12 66
78 11
70 7
84 91
56 72
17 1
28 10
46 64
38 60
58 38
77 51
68 82
29 11
21 7
62 8
7 72
18 81
30 55
85 27
13 8
84 68
16 13
45 76
46 41
16 49
58 15
3 79
9 10
28 23
68 59
61 20
46 77
58 51
15 89
61 56
54 17
93 8
85 4
30 68
51 11
83 80
43 7
94 89
96 19
25 75
78 1
64 66
10 95
77 5
88 51
14 65
78 86
58 28
77 41
68 72
15 66
81 11
31 10
23 6
29 86
21 82
94 66
74 8
87 27
52 69
44 65
23 42
10 72
43 20
1 23
34 57
45 66
46 31
38 27
17 4
58 5
3 69
77 18
68 49
61 10
19 13
38 63
79 64
30 22
17 89
90 73
82 69
7 75
27 53
73 20
40 72
31 23
4 6
84 35
75 66
94 79
33 69
46 8
37 39
15 20
5 6
46 44
92 11
78 76
79 41
58 18
3 82
70 72
90 50
15 56
61 23
7 52
19 26
71 73
30 35
83 47
84 12
21 72
94 56
87 17
60 63
1 13
34 47
46 21
37 52
43 95
3 59
77 8
68 39
14 68
90 63
83 24
62 1
48 66
11 35
31 13
44 32
33 59
34 24
44 68
85 69
65 11
10 75
56 42
68 16
15 10
7 6
78 66
79 31
58 8
90 40
36 69
28 65
7 42
94 10
27 20
40 39
59 89
5 81
11 12
30 25
91 41
84 2
29 66
40 75
33 36
45 10
10 52
3 13
22 26
34 37
74 73
93 86
85 82
46 11
78 43
38 7
57 20
3 49
90 17
15 23
7 19
59 66
30 2
17 69
83 14
94 23
40 52
52 26
21 75
62 76
87 20
54 72
51 66
3 26
76 10
22 39
68 6
14 35
67 47
86 60
18 5
32 89
78 56
16 81
90 30
36 59
9 42
19 6
11 2
9 78
83 27
21 52
81 66
27 95
33 26
52 39
25 22
44 35
64 13
10 42
62 89
14 12
85 72
59 20
78 33
43 75
15 13
28 32
59 56
46 86
58 60
49 91
83 4
28 68
94 13
60 20
44 12
10 19
8 95
73 75
34 4
25 35
20 69
45 13
78 10
51 56
3 16
43 52
14 25
13 66
78 46
79 11
70 42
16 71
90 20
68 81
29 10
1 91
21 6
40 19
38 95
77 86
21 42
8 72
54 39
41 20
33 16
25 12
44 25
43 29
84 67
14 2
86 27
59 10
32 56
78 23
43 65
17 13
36 26
96 77
28 22
47 35
46 76
38 72
9 45
77 63
29 23
21 19
40 32
93 7
44 2
85 3
62 56
54 52
60 95
85 39
86 4
43 42
16 25
47 12
59 23
79 1
65 66
17 26
36 39
3 91
82 6
28 35
68 71
15 65
48 13
5 51
46 89
58 63
69 72
61 68
62 33
27 75
73 42
93 20
85 16
32 10
51 23
43 19
95 66
41 95
33 91
67 4
78 13
36 16
28 12
46 66
58 40
49 71
9 35
62 10
7 74
73 19
30 57
31 22
91 73
83 69
8 75
54 42
41 72
74 20
32 23
44 77
96 44
1 35
47 2
87 75
45 78
64 91
38 39
57 52
3 81
77 30
15 55
61 22
7 51
38 75
71 72
90 85
82 81
62 23
40 84
93 10
85 6
31 35
94 91
1 12
87 52
37 51
3 58
77 7
76 42
28 2
14 67
46 56
37 87
70 84
3 94
90 62
36 91
69 39
15 68
61 35
7 64
81 13
27 42
18 73
23 8
83 59
94 68
60 75
12 35
10 74
16 5
84 60
76 19
33 94
74 95
34 59
86 69
38 29
58 7
9 2
77 20
68 51
14 80
7 41
8 6
79 66
30 24
17 91
42 35
29 65
62 13
8 42
40 74
31 25
4 8
83 72
96 11
41 75
1 2
44 80
85 81
46 10
65 23
38 6
37 41
15 22
7 18
67 69
86 82
18 27
38 42
58 20
30 1
70 74
90 52
28 77
7 54
39 6
31 2
21 74
40 87
60 65
34 13
64 35
10 64
68 5
88 20
26 8
85 94
46 23
37 54
38 19
57 32
3 61
77 10
69 6
15 35
7 31
67 82
78 91
70 87
90 65
77 95
83 26
48 68
94 35
60 42
33 25
20 6
12 2
23 11
10 41
84 27
87 32
33 61
34 26
93 75
65 13
3 38
43 74
22 51
68 18
14 47
15 12
7 8
